
     RDKit          3D

 62 66  0  0  0  0  0  0  0  0999 V2000
    4.4471    1.1729    2.1373 C   0  0  0  0  0  0  0  0  0  0  0  0
    3.9609    0.1442    1.1195 C   0  0  2  0  0  0  0  0  0  0  0  0
    4.9825   -0.0577   -0.0214 C   0  0  0  0  0  0  0  0  0  0  0  0
    4.6986    0.1785   -1.1962 O   0  0  0  0  0  0  0  0  0  0  0  0
    6.2114   -0.5519    0.3750 N   0  0  0  0  0  0  0  0  0  0  0  0
    7.2768   -0.7605   -0.5569 C   0  0  0  0  0  0  0  0  0  0  0  0
    8.6678   -1.0732   -0.0751 C   0  0  0  0  0  0  0  0  0  0  0  0
    8.3703    0.2633   -0.6930 C   0  0  0  0  0  0  0  0  0  0  0  0
    2.5557    0.5205    0.6528 N   0  0  0  0  0  4  0  0  0  0  0  0
    1.8477   -0.5982   -0.1087 C   0  0  0  0  0  0  0  0  0  0  0  0
    0.3623   -0.2049   -0.3078 C   0  0  0  0  0  0  0  0  0  0  0  0
    0.0533    1.0926    0.3406 N   0  0  0  0  0  0  0  0  0  0  0  0
    0.8912    2.1524   -0.2556 C   0  0  0  0  0  0  0  0  0  0  0  0
    2.4035    1.8344   -0.1111 C   0  0  0  0  0  0  0  0  0  0  0  0
   -1.3924    1.4217    0.2180 C   0  0  0  0  0  0  0  0  0  0  0  0
   -2.2414    0.4769    1.0914 C   0  0  0  0  0  0  0  0  0  0  0  0
   -1.7861   -0.0712    2.0998 O   0  0  0  0  0  0  0  0  0  0  0  0
   -3.5398    0.2821    0.6612 N   0  0  0  0  0  0  0  0  0  0  0  0
   -4.4724   -0.6588    1.2715 C   0  0  1  0  0  0  0  0  0  0  0  0
   -5.8125   -0.2739    0.6650 C   0  0  0  0  0  0  0  0  0  0  0  0
   -5.3459    0.6418   -0.4356 C   0  0  0  0  0  0  0  0  0  0  0  0
   -4.0888    0.9784   -0.3855 N   0  0  0  0  0  0  0  0  0  0  0  0
   -6.2504    1.1334   -1.4359 C   0  0  0  0  0  0  0  0  0  0  0  0
   -7.6005    0.9223   -1.6530 C   0  0  0  0  0  0  0  0  0  0  0  0
   -7.9508    1.6634   -2.8076 C   0  0  0  0  0  0  0  0  0  0  0  0
   -6.7978    2.2835   -3.2264 C   0  0  0  0  0  0  0  0  0  0  0  0
   -5.7651    1.9715   -2.4035 O   0  0  0  0  0  0  0  0  0  0  0  0
   -4.0627   -2.0837    0.9652 C   0  0  0  0  0  0  0  0  0  0  0  0
   -3.7665   -3.0826    1.8760 C   0  0  0  0  0  0  0  0  0  0  0  0
   -3.4241   -4.3157    1.2517 C   0  0  0  0  0  0  0  0  0  0  0  0
   -3.4575   -4.2240   -0.1205 C   0  0  0  0  0  0  0  0  0  0  0  0
   -3.8897   -2.6572   -0.6461 S   0  0  0  0  0  0  0  0  0  0  0  0
    4.7376    2.1132    1.6555 H   0  0  0  0  0  0  0  0  0  0  0  0
    5.3337    0.8075    2.6706 H   0  0  0  0  0  0  0  0  0  0  0  0
    3.6772    1.3867    2.8876 H   0  0  0  0  0  0  0  0  0  0  0  0
    3.8425   -0.8200    1.6289 H   0  0  0  0  0  0  0  0  0  0  0  0
    6.4032   -0.7698    1.3492 H   0  0  0  0  0  0  0  0  0  0  0  0
    6.9585   -1.2643   -1.4722 H   0  0  0  0  0  0  0  0  0  0  0  0
    9.2535   -1.7803   -0.6555 H   0  0  0  0  0  0  0  0  0  0  0  0
    8.8721   -1.1044    0.9901 H   0  0  0  0  0  0  0  0  0  0  0  0
    8.3635    1.1332   -0.0424 H   0  0  0  0  0  0  0  0  0  0  0  0
    8.7566    0.4616   -1.6877 H   0  0  0  0  0  0  0  0  0  0  0  0
    1.9454    0.6520    1.4765 H   0  0  0  0  0  0  0  0  0  0  0  0
    2.3550   -0.7422   -1.0684 H   0  0  0  0  0  0  0  0  0  0  0  0
    1.9299   -1.5030    0.5054 H   0  0  0  0  0  0  0  0  0  0  0  0
    0.1403   -0.1671   -1.3828 H   0  0  0  0  0  0  0  0  0  0  0  0
   -0.2550   -1.0078    0.1096 H   0  0  0  0  0  0  0  0  0  0  0  0
    0.6531    2.3015   -1.3165 H   0  0  0  0  0  0  0  0  0  0  0  0
    0.6942    3.1040    0.2537 H   0  0  0  0  0  0  0  0  0  0  0  0
    2.8775    1.7290   -1.0901 H   0  0  0  0  0  0  0  0  0  0  0  0
    2.8934    2.6187    0.4722 H   0  0  0  0  0  0  0  0  0  0  0  0
   -1.5781    2.4354    0.5943 H   0  0  0  0  0  0  0  0  0  0  0  0
   -1.6981    1.3768   -0.8326 H   0  0  0  0  0  0  0  0  0  0  0  0
   -4.4716   -0.5045    2.3574 H   0  0  0  0  0  0  0  0  0  0  0  0
   -6.4118    0.3134    1.3667 H   0  0  0  0  0  0  0  0  0  0  0  0
   -6.4094   -1.1092    0.2908 H   0  0  0  0  0  0  0  0  0  0  0  0
   -8.2586    0.3041   -1.0581 H   0  0  0  0  0  0  0  0  0  0  0  0
   -8.9219    1.7377   -3.2792 H   0  0  0  0  0  0  0  0  0  0  0  0
   -6.5591    2.9419   -4.0498 H   0  0  0  0  0  0  0  0  0  0  0  0
   -3.7948   -2.9374    2.9492 H   0  0  0  0  0  0  0  0  0  0  0  0
   -3.1654   -5.2248    1.7820 H   0  0  0  0  0  0  0  0  0  0  0  0
   -3.2481   -5.0021   -0.8422 H   0  0  0  0  0  0  0  0  0  0  0  0
  1  2  1  0
  2  3  1  0
  3  4  2  0
  3  5  1  0
  5  6  1  0
  6  7  1  0
  7  8  1  0
  2  9  1  0
  9 10  1  0
 10 11  1  0
 11 12  1  0
 12 13  1  0
 13 14  1  0
 12 15  1  0
 15 16  1  0
 16 17  2  0
 16 18  1  0
 18 19  1  0
 19 20  1  0
 20 21  1  0
 21 22  2  0
 21 23  1  0
 23 24  2  0
 24 25  1  0
 25 26  2  0
 26 27  1  0
 19 28  1  0
 28 29  2  0
 29 30  1  0
 30 31  2  0
 31 32  1  0
  8  6  1  0
 14  9  1  0
 22 18  1  0
 27 23  1  0
 32 28  1  0
  1 33  1  0
  1 34  1  0
  1 35  1  0
  2 36  1  1
  5 37  1  0
  6 38  1  0
  7 39  1  0
  7 40  1  0
  8 41  1  0
  8 42  1  0
  9 43  1  0
 10 44  1  0
 10 45  1  0
 11 46  1  0
 11 47  1  0
 13 48  1  0
 13 49  1  0
 14 50  1  0
 14 51  1  0
 15 52  1  0
 15 53  1  0
 19 54  1  1
 20 55  1  0
 20 56  1  0
 24 57  1  0
 25 58  1  0
 26 59  1  0
 29 60  1  0
 30 61  1  0
 31 62  1  0
M  CHG  1   9   1
M  END
