
     RDKit          3D

 61 63  0  0  0  0  0  0  0  0999 V2000
   -2.6191    2.4707   -0.2837 C   0  0  0  0  0  0  0  0  0  0  0  0
   -3.1396    1.1911   -0.9158 C   0  0  0  0  0  0  0  0  0  0  0  0
   -2.2594   -0.0220   -0.6347 N   0  0  0  0  0  4  0  0  0  0  0  0
   -0.8230    0.1491   -1.1088 C   0  0  0  0  0  0  0  0  0  0  0  0
   -0.7513    0.5113   -2.5840 C   0  0  0  0  0  0  0  0  0  0  0  0
   -2.4340   -0.5480    0.8376 C   0  0  1  0  0  0  0  0  0  0  0  0
   -3.8297   -1.2128    1.0227 C   0  0  0  0  0  0  0  0  0  0  0  0
   -4.1686   -2.3027    0.0314 C   0  0  0  0  0  0  0  0  0  0  0  0
   -3.6823   -3.6055    0.2039 C   0  0  0  0  0  0  0  0  0  0  0  0
   -3.9718   -4.6001   -0.7313 C   0  0  0  0  0  0  0  0  0  0  0  0
   -4.7601   -4.3083   -1.8412 C   0  0  0  0  0  0  0  0  0  0  0  0
   -5.2728   -3.0256   -2.0106 C   0  0  0  0  0  0  0  0  0  0  0  0
   -4.9850   -2.0292   -1.0770 C   0  0  0  0  0  0  0  0  0  0  0  0
   -1.3080   -1.5310    1.2843 C   0  0  0  0  0  0  0  0  0  0  0  0
   -0.0189   -0.9008    1.5312 N   0  0  0  0  0  0  0  0  0  0  0  0
    0.1324    0.0078    2.5638 C   0  0  0  0  0  0  0  0  0  0  0  0
   -0.8016    0.3789    3.2612 O   0  0  0  0  0  0  0  0  0  0  0  0
    1.5056    0.5339    2.7677 C   0  0  0  0  0  0  0  0  0  0  0  0
    1.9330    0.8809    4.0492 C   0  0  0  0  0  0  0  0  0  0  0  0
    3.2210    1.3879    4.2306 C   0  0  0  0  0  0  0  0  0  0  0  0
    4.0667    1.5620    3.1297 C   0  0  0  0  0  0  0  0  0  0  0  0
    3.6366    1.2435    1.8274 C   0  0  0  0  0  0  0  0  0  0  0  0
    2.3491    0.7292    1.6641 C   0  0  0  0  0  0  0  0  0  0  0  0
    4.5202    1.4659    0.7410 N   0  0  0  0  0  0  0  0  0  0  0  0
    4.2937    1.2460   -0.6116 C   0  0  0  0  0  0  0  0  0  0  0  0
    3.2364    0.7901   -1.0479 O   0  0  0  0  0  0  0  0  0  0  0  0
    5.4208    1.5999   -1.4765 C   0  0  0  0  0  0  0  0  0  0  0  0
    6.5629    2.3420   -1.2198 C   0  0  0  0  0  0  0  0  0  0  0  0
    7.4209    2.4439   -2.3567 C   0  0  0  0  0  0  0  0  0  0  0  0
    6.9105    1.7840   -3.4507 C   0  0  0  0  0  0  0  0  0  0  0  0
    5.4052    1.0548   -3.1107 S   0  0  0  0  0  0  0  0  0  0  0  0
    5.6525    2.1963    3.4074 Cl  0  0  0  0  0  0  0  0  0  0  0  0
   -3.3201    3.2866   -0.4874 H   0  0  0  0  0  0  0  0  0  0  0  0
   -2.5189    2.3897    0.8017 H   0  0  0  0  0  0  0  0  0  0  0  0
   -1.6520    2.7698   -0.6964 H   0  0  0  0  0  0  0  0  0  0  0  0
   -4.1453    0.9694   -0.5514 H   0  0  0  0  0  0  0  0  0  0  0  0
   -3.2163    1.2907   -2.0030 H   0  0  0  0  0  0  0  0  0  0  0  0
   -2.6285   -0.7794   -1.2268 H   0  0  0  0  0  0  0  0  0  0  0  0
   -0.3292   -0.8182   -0.9934 H   0  0  0  0  0  0  0  0  0  0  0  0
   -0.3378    0.9006   -0.4807 H   0  0  0  0  0  0  0  0  0  0  0  0
    0.2881    0.4618   -2.9252 H   0  0  0  0  0  0  0  0  0  0  0  0
   -1.3388   -0.1825   -3.1933 H   0  0  0  0  0  0  0  0  0  0  0  0
   -1.1027    1.5290   -2.7748 H   0  0  0  0  0  0  0  0  0  0  0  0
   -2.4031    0.3429    1.4678 H   0  0  0  0  0  0  0  0  0  0  0  0
   -3.9039   -1.6270    2.0372 H   0  0  0  0  0  0  0  0  0  0  0  0
   -4.6123   -0.4450    0.9907 H   0  0  0  0  0  0  0  0  0  0  0  0
   -3.0926   -3.8765    1.0772 H   0  0  0  0  0  0  0  0  0  0  0  0
   -3.5995   -5.6122   -0.5853 H   0  0  0  0  0  0  0  0  0  0  0  0
   -4.9967   -5.0893   -2.5607 H   0  0  0  0  0  0  0  0  0  0  0  0
   -5.9171   -2.8116   -2.8610 H   0  0  0  0  0  0  0  0  0  0  0  0
   -5.4321   -1.0484   -1.2180 H   0  0  0  0  0  0  0  0  0  0  0  0
   -1.1446   -2.3089    0.5319 H   0  0  0  0  0  0  0  0  0  0  0  0
   -1.5939   -2.0251    2.2204 H   0  0  0  0  0  0  0  0  0  0  0  0
    0.8166   -1.4073    1.2495 H   0  0  0  0  0  0  0  0  0  0  0  0
    1.2729    0.7556    4.9055 H   0  0  0  0  0  0  0  0  0  0  0  0
    3.5590    1.6489    5.2309 H   0  0  0  0  0  0  0  0  0  0  0  0
    1.9676    0.4976    0.6788 H   0  0  0  0  0  0  0  0  0  0  0  0
    5.4330    1.8149    1.0124 H   0  0  0  0  0  0  0  0  0  0  0  0
    6.7940    2.8132   -0.2718 H   0  0  0  0  0  0  0  0  0  0  0  0
    8.3640    2.9783   -2.3710 H   0  0  0  0  0  0  0  0  0  0  0  0
    7.3481    1.6990   -4.4375 H   0  0  0  0  0  0  0  0  0  0  0  0
  1  2  1  0
  2  3  1  0
  3  4  1  0
  4  5  1  0
  3  6  1  0
  6  7  1  0
  7  8  1  0
  8  9  2  0
  9 10  1  0
 10 11  2  0
 11 12  1  0
 12 13  2  0
  6 14  1  0
 14 15  1  0
 15 16  1  0
 16 17  2  0
 16 18  1  0
 18 19  2  0
 19 20  1  0
 20 21  2  0
 21 22  1  0
 22 23  2  0
 22 24  1  0
 24 25  1  0
 25 26  2  0
 25 27  1  0
 27 28  2  0
 28 29  1  0
 29 30  2  0
 30 31  1  0
 21 32  1  0
 13  8  1  0
 23 18  1  0
 31 27  1  0
  1 33  1  0
  1 34  1  0
  1 35  1  0
  2 36  1  0
  2 37  1  0
  3 38  1  0
  4 39  1  0
  4 40  1  0
  5 41  1  0
  5 42  1  0
  5 43  1  0
  6 44  1  1
  7 45  1  0
  7 46  1  0
  9 47  1  0
 10 48  1  0
 11 49  1  0
 12 50  1  0
 13 51  1  0
 14 52  1  0
 14 53  1  0
 15 54  1  0
 19 55  1  0
 20 56  1  0
 23 57  1  0
 24 58  1  0
 28 59  1  0
 29 60  1  0
 30 61  1  0
M  CHG  1   3   1
M  END
