
     RDKit          3D

 57 60  0  0  0  0  0  0  0  0999 V2000
   -8.6104   -0.0270   -1.5979 C   0  0  0  0  0  0  0  0  0  0  0  0
   -7.5710   -0.7882   -2.4070 C   0  0  0  0  0  0  0  0  0  0  0  0
   -6.3568    0.0434   -2.8473 C   0  0  0  0  0  0  0  0  0  0  0  0
   -5.2636    0.3205   -1.8049 C   0  0  2  0  0  0  0  0  0  0  0  0
   -4.8439   -0.9517   -1.1669 N   0  0  0  0  0  0  0  0  0  0  0  0
   -4.9373   -0.9660    0.0903 N   0  0  0  0  0  0  0  0  0  0  0  0
   -5.3781    0.3198    0.6933 C   0  0  2  0  0  0  0  0  0  0  0  0
   -5.7059    1.5550   -0.5790 S   0  0  0  0  0  0  0  0  0  0  0  0
   -4.2668    0.8208    1.6326 C   0  0  0  0  0  0  0  0  0  0  0  0
   -4.5106    1.6254    2.5294 O   0  0  0  0  0  0  0  0  0  0  0  0
   -3.0062    0.3208    1.3261 N   0  0  0  0  0  0  0  0  0  0  0  0
   -1.7833    0.6052    1.9630 C   0  0  0  0  0  0  0  0  0  0  0  0
   -1.6482    1.4855    3.0395 C   0  0  0  0  0  0  0  0  0  0  0  0
   -0.3962    1.7207    3.6195 C   0  0  0  0  0  0  0  0  0  0  0  0
    0.7372    1.0781    3.1270 C   0  0  0  0  0  0  0  0  0  0  0  0
    0.6129    0.1899    2.0533 C   0  0  0  0  0  0  0  0  0  0  0  0
   -0.6420   -0.0381    1.4695 C   0  0  0  0  0  0  0  0  0  0  0  0
    1.7968   -0.4907    1.4709 C   0  0  0  0  0  0  0  0  0  0  0  0
    1.8461   -0.7240    0.2665 O   0  0  0  0  0  0  0  0  0  0  0  0
    2.8202   -0.7960    2.3426 N   0  0  0  0  0  0  0  0  0  0  0  0
    3.9526   -1.6085    1.9376 C   0  0  0  0  0  0  0  0  0  0  0  0
    5.2168   -0.7814    1.6684 C   0  0  0  0  0  0  0  0  0  0  0  0
    5.2528   -0.0999    0.3308 C   0  0  0  0  0  0  0  0  0  0  0  0
    5.9606   -0.4659   -0.7493 C   0  0  0  0  0  0  0  0  0  0  0  0
    6.8492   -1.5452   -1.0626 C   0  0  0  0  0  0  0  0  0  0  0  0
    7.4117   -1.5810   -2.2827 C   0  0  0  0  0  0  0  0  0  0  0  0
    7.1301   -0.5623   -3.2831 C   0  0  0  0  0  0  0  0  0  0  0  0
    6.3008    0.4771   -3.0740 C   0  0  0  0  0  0  0  0  0  0  0  0
    5.6664    0.5748   -1.7539 C   0  0  0  0  0  0  0  0  0  0  0  0
    4.8753    1.4749   -1.3150 N   0  0  0  0  0  4  0  0  0  0  0  0
    4.5058    1.1877    0.0841 C   0  0  0  0  0  0  0  0  0  0  0  0
    8.4901   -2.8576   -2.7091 Cl  0  0  0  0  0  0  0  0  0  0  0  0
   -8.8628    0.9265   -2.0732 H   0  0  0  0  0  0  0  0  0  0  0  0
   -8.2722    0.1640   -0.5782 H   0  0  0  0  0  0  0  0  0  0  0  0
   -9.5292   -0.6209   -1.5270 H   0  0  0  0  0  0  0  0  0  0  0  0
   -8.0641   -1.1541   -3.3141 H   0  0  0  0  0  0  0  0  0  0  0  0
   -7.2566   -1.6790   -1.8535 H   0  0  0  0  0  0  0  0  0  0  0  0
   -6.6923    0.9857   -3.3013 H   0  0  0  0  0  0  0  0  0  0  0  0
   -5.8762   -0.5198   -3.6620 H   0  0  0  0  0  0  0  0  0  0  0  0
   -4.3946    0.7149   -2.3367 H   0  0  0  0  0  0  0  0  0  0  0  0
   -6.2745    0.1372    1.2894 H   0  0  0  0  0  0  0  0  0  0  0  0
   -2.9885   -0.3619    0.5705 H   0  0  0  0  0  0  0  0  0  0  0  0
   -2.4997    2.0126    3.4593 H   0  0  0  0  0  0  0  0  0  0  0  0
   -0.3160    2.4163    4.4539 H   0  0  0  0  0  0  0  0  0  0  0  0
    1.7009    1.2998    3.5775 H   0  0  0  0  0  0  0  0  0  0  0  0
   -0.7195   -0.7262    0.6290 H   0  0  0  0  0  0  0  0  0  0  0  0
    2.6294   -0.7400    3.3382 H   0  0  0  0  0  0  0  0  0  0  0  0
    3.6883   -2.2174    1.0662 H   0  0  0  0  0  0  0  0  0  0  0  0
    4.1424   -2.2949    2.7695 H   0  0  0  0  0  0  0  0  0  0  0  0
    5.3553   -0.0312    2.4576 H   0  0  0  0  0  0  0  0  0  0  0  0
    6.0785   -1.4574    1.7430 H   0  0  0  0  0  0  0  0  0  0  0  0
    7.0571   -2.3121   -0.3243 H   0  0  0  0  0  0  0  0  0  0  0  0
    7.6206   -0.6724   -4.2490 H   0  0  0  0  0  0  0  0  0  0  0  0
    6.1042    1.2112   -3.8442 H   0  0  0  0  0  0  0  0  0  0  0  0
    4.5734    2.2756   -1.8705 H   0  0  0  0  0  0  0  0  0  0  0  0
    3.4193    1.1119    0.1248 H   0  0  0  0  0  0  0  0  0  0  0  0
    4.8714    2.0156    0.7119 H   0  0  0  0  0  0  0  0  0  0  0  0
  1  2  1  0
  2  3  1  0
  3  4  1  0
  4  5  1  0
  5  6  2  0
  6  7  1  0
  7  8  1  0
  7  9  1  0
  9 10  2  0
  9 11  1  0
 11 12  1  0
 12 13  2  0
 13 14  1  0
 14 15  2  0
 15 16  1  0
 16 17  2  0
 16 18  1  0
 18 19  2  0
 18 20  1  0
 20 21  1  0
 21 22  1  0
 22 23  1  0
 23 24  2  0
 24 25  1  0
 25 26  2  0
 26 27  1  0
 27 28  2  0
 28 29  1  0
 29 30  2  0
 30 31  1  0
 26 32  1  0
  8  4  1  0
 17 12  1  0
 31 23  1  0
 29 24  1  0
  1 33  1  0
  1 34  1  0
  1 35  1  0
  2 36  1  0
  2 37  1  0
  3 38  1  0
  3 39  1  0
  4 40  1  6
  7 41  1  1
 11 42  1  0
 13 43  1  0
 14 44  1  0
 15 45  1  0
 17 46  1  0
 20 47  1  0
 21 48  1  0
 21 49  1  0
 22 50  1  0
 22 51  1  0
 25 52  1  0
 27 53  1  0
 28 54  1  0
 30 55  1  0
 31 56  1  0
 31 57  1  0
M  CHG  1  30   1
M  END
