
     RDKit          3D

 54 58  0  0  0  0  0  0  0  0999 V2000
    8.9259   -1.6225   -0.1809 C   0  0  0  0  0  0  0  0  0  0  0  0
    9.1867   -0.4927    0.5961 C   0  0  0  0  0  0  0  0  0  0  0  0
    8.1473    0.3728    0.9418 C   0  0  0  0  0  0  0  0  0  0  0  0
    6.8493    0.1078    0.5084 C   0  0  0  0  0  0  0  0  0  0  0  0
    6.5840   -1.0375   -0.2460 C   0  0  0  0  0  0  0  0  0  0  0  0
    7.6236   -1.8942   -0.6035 C   0  0  0  0  0  0  0  0  0  0  0  0
    5.3293   -1.3777   -0.6771 O   0  0  0  0  0  0  0  0  0  0  0  0
    4.3125   -0.6483    0.0276 C   0  0  0  0  0  0  0  0  0  0  0  0
    4.6721    0.8343    0.1058 C   0  0  2  0  0  0  0  0  0  0  0  0
    5.8834    1.0106    0.8674 O   0  0  0  0  0  0  0  0  0  0  0  0
    3.5851    1.6714    0.7928 C   0  0  0  0  0  0  0  0  0  0  0  0
    2.4194    1.9207   -0.0376 N   0  0  0  0  0  0  0  0  0  0  0  0
    1.3075    1.1086   -0.0028 C   0  0  0  0  0  0  0  0  0  0  0  0
    1.2319    0.1128    0.7052 O   0  0  0  0  0  0  0  0  0  0  0  0
    0.2066    1.5744   -0.9340 C   0  0  0  0  0  0  0  0  0  0  0  0
   -1.0461    0.7010   -0.9047 C   0  0  0  0  0  0  0  0  0  0  0  0
   -1.7934    0.7732    0.4330 C   0  0  0  0  0  0  0  0  0  0  0  0
   -3.1815    0.3333    0.2958 N   0  0  0  0  0  0  0  0  0  0  0  0
   -3.4470   -1.0302    0.4198 C   0  0  0  0  0  0  0  0  0  0  0  0
   -2.5861   -1.8823    0.6211 O   0  0  0  0  0  0  0  0  0  0  0  0
   -4.8590   -1.4539    0.2813 C   0  0  0  0  0  0  0  0  0  0  0  0
   -5.1947   -2.8034    0.4540 C   0  0  0  0  0  0  0  0  0  0  0  0
   -6.5190   -3.2138    0.3287 C   0  0  0  0  0  0  0  0  0  0  0  0
   -7.5102   -2.2792    0.0295 C   0  0  0  0  0  0  0  0  0  0  0  0
   -7.1891   -0.9241   -0.1489 C   0  0  0  0  0  0  0  0  0  0  0  0
   -5.8426   -0.5058   -0.0202 C   0  0  0  0  0  0  0  0  0  0  0  0
   -5.5274    0.8448   -0.2034 C   0  0  0  0  0  0  0  0  0  0  0  0
   -6.5259    1.7784   -0.5111 C   0  0  0  0  0  0  0  0  0  0  0  0
   -7.8499    1.3665   -0.6354 C   0  0  0  0  0  0  0  0  0  0  0  0
   -8.1791    0.0231   -0.4549 C   0  0  0  0  0  0  0  0  0  0  0  0
   -4.1233    1.2948   -0.0725 C   0  0  0  0  0  0  0  0  0  0  0  0
   -3.8454    2.4696   -0.3032 O   0  0  0  0  0  0  0  0  0  0  0  0
    9.7353   -2.2955   -0.4524 H   0  0  0  0  0  0  0  0  0  0  0  0
   10.2000   -0.2853    0.9311 H   0  0  0  0  0  0  0  0  0  0  0  0
    8.3506    1.2559    1.5408 H   0  0  0  0  0  0  0  0  0  0  0  0
    7.4165   -2.7786   -1.1996 H   0  0  0  0  0  0  0  0  0  0  0  0
    4.1948   -1.0935    1.0237 H   0  0  0  0  0  0  0  0  0  0  0  0
    3.3829   -0.7996   -0.5276 H   0  0  0  0  0  0  0  0  0  0  0  0
    4.8583    1.2326   -0.9015 H   0  0  0  0  0  0  0  0  0  0  0  0
    3.9904    2.6559    1.0556 H   0  0  0  0  0  0  0  0  0  0  0  0
    3.2779    1.2028    1.7354 H   0  0  0  0  0  0  0  0  0  0  0  0
    2.4280    2.7242   -0.6540 H   0  0  0  0  0  0  0  0  0  0  0  0
    0.6133    1.5701   -1.9527 H   0  0  0  0  0  0  0  0  0  0  0  0
   -0.0517    2.6095   -0.6819 H   0  0  0  0  0  0  0  0  0  0  0  0
   -0.7914   -0.3426   -1.1265 H   0  0  0  0  0  0  0  0  0  0  0  0
   -1.7065    1.0367   -1.7142 H   0  0  0  0  0  0  0  0  0  0  0  0
   -1.7876    1.8011    0.8145 H   0  0  0  0  0  0  0  0  0  0  0  0
   -1.2941    0.1517    1.1842 H   0  0  0  0  0  0  0  0  0  0  0  0
   -4.4241   -3.5363    0.6876 H   0  0  0  0  0  0  0  0  0  0  0  0
   -6.7789   -4.2612    0.4638 H   0  0  0  0  0  0  0  0  0  0  0  0
   -8.5401   -2.6192   -0.0652 H   0  0  0  0  0  0  0  0  0  0  0  0
   -6.2738    2.8278   -0.6532 H   0  0  0  0  0  0  0  0  0  0  0  0
   -8.6253    2.0910   -0.8732 H   0  0  0  0  0  0  0  0  0  0  0  0
   -9.2197   -0.2803   -0.5571 H   0  0  0  0  0  0  0  0  0  0  0  0
  1  2  2  0
  2  3  1  0
  3  4  2  0
  4  5  1  0
  5  6  2  0
  5  7  1  0
  7  8  1  0
  8  9  1  0
  9 10  1  0
  9 11  1  0
 11 12  1  0
 12 13  1  0
 13 14  2  0
 13 15  1  0
 15 16  1  0
 16 17  1  0
 17 18  1  0
 18 19  1  0
 19 20  2  0
 19 21  1  0
 21 22  2  0
 22 23  1  0
 23 24  2  0
 24 25  1  0
 25 26  2  0
 26 27  1  0
 27 28  2  0
 28 29  1  0
 29 30  2  0
 27 31  1  0
 31 32  2  0
  6  1  1  0
 10  4  1  0
 31 18  1  0
 26 21  1  0
 30 25  1  0
  1 33  1  0
  2 34  1  0
  3 35  1  0
  6 36  1  0
  8 37  1  0
  8 38  1  0
  9 39  1  6
 11 40  1  0
 11 41  1  0
 12 42  1  0
 15 43  1  0
 15 44  1  0
 16 45  1  0
 16 46  1  0
 17 47  1  0
 17 48  1  0
 22 49  1  0
 23 50  1  0
 24 51  1  0
 28 52  1  0
 29 53  1  0
 30 54  1  0
M  END
