
     RDKit          3D

 68 72  0  0  0  0  0  0  0  0999 V2000
    2.1123    0.1856   -0.9672 C   0  0  0  0  0  0  0  0  0  0  0  0
    2.1175    0.3331    0.5267 C   0  0  0  0  0  0  0  0  0  0  0  0
    3.3109    0.2574    1.3780 C   0  0  0  0  0  0  0  0  0  0  0  0
    4.7003    0.0744    1.1377 C   0  0  0  0  0  0  0  0  0  0  0  0
    5.5462    0.0951    2.1966 N   0  0  0  0  0  0  0  0  0  0  0  0
    5.0629    0.2432    3.4323 C   0  0  0  0  0  0  0  0  0  0  0  0
    3.7872    0.3944    3.7746 N   0  0  0  0  0  0  0  0  0  0  0  0
    2.9651    0.4055    2.7144 C   0  0  0  0  0  0  0  0  0  0  0  0
    1.3042    0.6063    2.9604 S   0  0  0  0  0  0  0  0  0  0  0  0
    0.9660    0.5580    1.2862 C   0  0  0  0  0  0  0  0  0  0  0  0
   -0.4305    0.7026    0.9004 C   0  0  0  0  0  0  0  0  0  0  0  0
   -1.3750    0.3166    1.5904 O   0  0  0  0  0  0  0  0  0  0  0  0
   -0.6669    1.2777   -0.3287 N   0  0  0  0  0  0  0  0  0  0  0  0
   -1.9580    1.6135   -0.9488 C   0  0  0  0  0  0  0  0  0  0  0  0
   -3.3580    1.0848   -0.4029 C   0  0  0  0  0  0  0  0  0  0  0  0
   -4.3997    1.1544   -1.5597 C   0  0  0  0  0  0  0  0  0  0  0  0
   -4.9687    2.5593   -1.7300 C   0  0  0  0  0  0  0  0  0  0  0  0
   -5.7367    3.0085   -0.4848 C   0  0  0  0  0  0  0  0  0  0  0  0
   -5.2704    2.3358    0.8076 C   0  0  0  0  0  0  0  0  0  0  0  0
   -3.7832    1.9924    0.7951 C   0  0  0  0  0  0  0  0  0  0  0  0
   -3.2456   -0.3956    0.0503 N   0  0  0  0  0  4  0  0  0  0  0  0
   -2.7569   -1.3618   -0.9927 C   0  0  0  0  0  0  0  0  0  0  0  0
   -2.1608   -2.5930   -0.3108 C   0  0  0  0  0  0  0  0  0  0  0  0
   -2.8719   -2.9767    0.9840 C   0  0  0  0  0  0  0  0  0  0  0  0
   -4.3090   -2.4855    0.9787 C   0  0  0  0  0  0  0  0  0  0  0  0
   -4.4053   -0.9640    0.8470 C   0  0  0  0  0  0  0  0  0  0  0  0
    5.2383   -0.1339   -0.1405 N   0  0  0  0  0  0  0  0  0  0  0  0
    6.6770   -0.4539   -0.1929 C   0  0  2  0  0  0  0  0  0  0  0  0
    7.1623   -0.3360   -1.6323 C   0  0  0  0  0  0  0  0  0  0  0  0
    7.6062   -1.7326   -2.0199 C   0  0  0  0  0  0  0  0  0  0  0  0
    6.9773   -2.6248   -1.0965 O   0  0  0  0  0  0  0  0  0  0  0  0
    6.9335   -1.9230    0.1574 C   0  0  0  0  0  0  0  0  0  0  0  0
    1.2390   -0.4021   -1.2902 H   0  0  0  0  0  0  0  0  0  0  0  0
    2.9770   -0.3515   -1.3603 H   0  0  0  0  0  0  0  0  0  0  0  0
    2.0584    1.1731   -1.4460 H   0  0  0  0  0  0  0  0  0  0  0  0
    5.7911    0.2321    4.2391 H   0  0  0  0  0  0  0  0  0  0  0  0
    0.0917    1.8721   -0.6442 H   0  0  0  0  0  0  0  0  0  0  0  0
   -1.9796    2.7145   -0.9901 H   0  0  0  0  0  0  0  0  0  0  0  0
   -1.8394    1.3046   -1.9982 H   0  0  0  0  0  0  0  0  0  0  0  0
   -3.9456    0.8338   -2.5053 H   0  0  0  0  0  0  0  0  0  0  0  0
   -5.2371    0.4692   -1.3911 H   0  0  0  0  0  0  0  0  0  0  0  0
   -4.1571    3.2660   -1.9347 H   0  0  0  0  0  0  0  0  0  0  0  0
   -5.6303    2.5887   -2.6014 H   0  0  0  0  0  0  0  0  0  0  0  0
   -5.6429    4.0970   -0.3893 H   0  0  0  0  0  0  0  0  0  0  0  0
   -6.8113    2.7992   -0.6153 H   0  0  0  0  0  0  0  0  0  0  0  0
   -5.4891    3.0017    1.6513 H   0  0  0  0  0  0  0  0  0  0  0  0
   -5.8596    1.4315    0.9841 H   0  0  0  0  0  0  0  0  0  0  0  0
   -3.2373    2.9446    0.7563 H   0  0  0  0  0  0  0  0  0  0  0  0
   -3.5081    1.5559    1.7599 H   0  0  0  0  0  0  0  0  0  0  0  0
   -2.4981   -0.3374    0.7669 H   0  0  0  0  0  0  0  0  0  0  0  0
   -3.6122   -1.6267   -1.6261 H   0  0  0  0  0  0  0  0  0  0  0  0
   -1.9974   -0.8831   -1.6154 H   0  0  0  0  0  0  0  0  0  0  0  0
   -1.0969   -2.4285   -0.1022 H   0  0  0  0  0  0  0  0  0  0  0  0
   -2.2030   -3.4288   -1.0263 H   0  0  0  0  0  0  0  0  0  0  0  0
   -2.8404   -4.0661    1.1182 H   0  0  0  0  0  0  0  0  0  0  0  0
   -2.3387   -2.5387    1.8367 H   0  0  0  0  0  0  0  0  0  0  0  0
   -4.8212   -2.8068    1.8931 H   0  0  0  0  0  0  0  0  0  0  0  0
   -4.8494   -2.9496    0.1419 H   0  0  0  0  0  0  0  0  0  0  0  0
   -4.3634   -0.4993    1.8430 H   0  0  0  0  0  0  0  0  0  0  0  0
   -5.3511   -0.6967    0.3603 H   0  0  0  0  0  0  0  0  0  0  0  0
    4.6939   -0.8264   -0.6459 H   0  0  0  0  0  0  0  0  0  0  0  0
    7.2479    0.2239    0.4492 H   0  0  0  0  0  0  0  0  0  0  0  0
    6.3727    0.0100   -2.3129 H   0  0  0  0  0  0  0  0  0  0  0  0
    7.9961    0.3692   -1.7223 H   0  0  0  0  0  0  0  0  0  0  0  0
    8.6921   -1.8436   -1.9122 H   0  0  0  0  0  0  0  0  0  0  0  0
    7.3223   -1.9952   -3.0437 H   0  0  0  0  0  0  0  0  0  0  0  0
    7.9049   -2.0486    0.6623 H   0  0  0  0  0  0  0  0  0  0  0  0
    6.1512   -2.3759    0.7817 H   0  0  0  0  0  0  0  0  0  0  0  0
  1  2  1  0
  2  3  1  0
  3  4  2  0
  4  5  1  0
  5  6  2  0
  6  7  1  0
  7  8  2  0
  8  9  1  0
  9 10  1  0
 10 11  1  0
 11 12  2  0
 11 13  1  0
 13 14  1  0
 14 15  1  0
 15 16  1  0
 16 17  1  0
 17 18  1  0
 18 19  1  0
 19 20  1  0
 15 21  1  0
 21 22  1  0
 22 23  1  0
 23 24  1  0
 24 25  1  0
 25 26  1  0
  4 27  1  0
 27 28  1  0
 28 29  1  0
 29 30  1  0
 30 31  1  0
 31 32  1  0
 10  2  2  0
  8  3  1  0
 20 15  1  0
 26 21  1  0
 32 28  1  0
  1 33  1  0
  1 34  1  0
  1 35  1  0
  6 36  1  0
 13 37  1  0
 14 38  1  0
 14 39  1  0
 16 40  1  0
 16 41  1  0
 17 42  1  0
 17 43  1  0
 18 44  1  0
 18 45  1  0
 19 46  1  0
 19 47  1  0
 20 48  1  0
 20 49  1  0
 21 50  1  0
 22 51  1  0
 22 52  1  0
 23 53  1  0
 23 54  1  0
 24 55  1  0
 24 56  1  0
 25 57  1  0
 25 58  1  0
 26 59  1  0
 26 60  1  0
 27 61  1  0
 28 62  1  1
 29 63  1  0
 29 64  1  0
 30 65  1  0
 30 66  1  0
 32 67  1  0
 32 68  1  0
M  CHG  1  21   1
M  END
