
     RDKit          3D

 46 48  0  0  0  0  0  0  0  0999 V2000
    6.3386    2.4708    1.0073 C   0  0  0  0  0  0  0  0  0  0  0  0
    6.0818    1.0741    1.0202 O   0  0  0  0  0  0  0  0  0  0  0  0
    4.8563    0.6438    0.5766 C   0  0  0  0  0  0  0  0  0  0  0  0
    3.8356    1.4909    0.1306 C   0  0  0  0  0  0  0  0  0  0  0  0
    2.6144    0.9639   -0.3007 C   0  0  0  0  0  0  0  0  0  0  0  0
    2.4037   -0.4178   -0.2791 C   0  0  0  0  0  0  0  0  0  0  0  0
    3.4282   -1.2729    0.1472 C   0  0  0  0  0  0  0  0  0  0  0  0
    4.6528   -0.7519    0.5779 C   0  0  0  0  0  0  0  0  0  0  0  0
    5.7043   -1.5144    1.0237 O   0  0  0  0  0  0  0  0  0  0  0  0
    5.5840   -2.9266    0.9192 C   0  0  0  0  0  0  0  0  0  0  0  0
    1.1229   -1.0305   -0.7247 C   0  0  0  0  0  0  0  0  0  0  0  0
    1.1214   -2.1426   -1.2335 O   0  0  0  0  0  0  0  0  0  0  0  0
   -0.0155   -0.2951   -0.5129 N   0  0  0  0  0  0  0  0  0  0  0  0
   -1.3236   -0.7343   -0.9970 C   0  0  2  0  0  0  0  0  0  0  0  0
   -2.3184    0.3869   -0.6938 C   0  0  0  0  0  0  0  0  0  0  0  0
   -2.1018    1.5707   -0.9276 O   0  0  0  0  0  0  0  0  0  0  0  0
   -3.3702   -0.1822   -0.0187 N   0  0  0  0  0  0  0  0  0  0  0  0
   -2.9646   -1.4407    0.2582 C   0  0  0  0  0  0  0  0  0  0  0  0
   -1.8269   -1.8647   -0.1666 N   0  0  0  0  0  0  0  0  0  0  0  0
   -3.7255   -2.2778    0.9647 O   0  0  0  0  0  0  0  0  0  0  0  0
   -4.5542    0.5007    0.3877 C   0  0  0  0  0  0  0  0  0  0  0  0
   -4.9159    1.7233   -0.2127 C   0  0  0  0  0  0  0  0  0  0  0  0
   -6.0767    2.4123    0.1603 C   0  0  0  0  0  0  0  0  0  0  0  0
   -6.9012    1.8894    1.1437 C   0  0  0  0  0  0  0  0  0  0  0  0
   -6.5753    0.6860    1.7543 C   0  0  0  0  0  0  0  0  0  0  0  0
   -5.4137   -0.0031    1.3789 C   0  0  0  0  0  0  0  0  0  0  0  0
   -7.5868    0.0284    2.9843 Cl  0  0  0  0  0  0  0  0  0  0  0  0
   -8.0076    2.5629    1.4888 F   0  0  0  0  0  0  0  0  0  0  0  0
   -1.4750   -0.9791   -2.5251 C   0  0  0  0  0  0  0  0  0  0  0  0
   -2.7889   -1.0154   -2.8800 F   0  0  0  0  0  0  0  0  0  0  0  0
   -0.9038    0.0146   -3.2493 F   0  0  0  0  0  0  0  0  0  0  0  0
   -0.9402   -2.1450   -2.9449 F   0  0  0  0  0  0  0  0  0  0  0  0
    6.2954    2.8711   -0.0109 H   0  0  0  0  0  0  0  0  0  0  0  0
    5.6522    3.0046    1.6727 H   0  0  0  0  0  0  0  0  0  0  0  0
    7.3543    2.6278    1.3829 H   0  0  0  0  0  0  0  0  0  0  0  0
    3.9633    2.5681    0.0977 H   0  0  0  0  0  0  0  0  0  0  0  0
    1.8581    1.6475   -0.6756 H   0  0  0  0  0  0  0  0  0  0  0  0
    3.2395   -2.3425    0.1388 H   0  0  0  0  0  0  0  0  0  0  0  0
    5.4253   -3.2362   -0.1191 H   0  0  0  0  0  0  0  0  0  0  0  0
    6.5267   -3.3680    1.2568 H   0  0  0  0  0  0  0  0  0  0  0  0
    4.7893   -3.3025    1.5717 H   0  0  0  0  0  0  0  0  0  0  0  0
    0.0442    0.6343   -0.1173 H   0  0  0  0  0  0  0  0  0  0  0  0
   -3.2478   -3.1242    1.0351 H   0  0  0  0  0  0  0  0  0  0  0  0
   -4.3203    2.1687   -1.0070 H   0  0  0  0  0  0  0  0  0  0  0  0
   -6.3391    3.3517   -0.3180 H   0  0  0  0  0  0  0  0  0  0  0  0
   -5.1993   -0.9250    1.9085 H   0  0  0  0  0  0  0  0  0  0  0  0
  1  2  1  0
  2  3  1  0
  3  4  2  0
  4  5  1  0
  5  6  2  0
  6  7  1  0
  7  8  2  0
  8  9  1  0
  9 10  1  0
  6 11  1  0
 11 12  2  0
 11 13  1  0
 14 13  1  6
 14 15  1  0
 15 16  2  0
 15 17  1  0
 17 18  1  0
 18 19  2  0
 18 20  1  0
 17 21  1  0
 21 22  2  0
 22 23  1  0
 23 24  2  0
 24 25  1  0
 25 26  2  0
 25 27  1  0
 24 28  1  0
 14 29  1  0
 29 30  1  0
 29 31  1  0
 29 32  1  0
  8  3  1  0
 19 14  1  0
 26 21  1  0
  1 33  1  0
  1 34  1  0
  1 35  1  0
  4 36  1  0
  5 37  1  0
  7 38  1  0
 10 39  1  0
 10 40  1  0
 10 41  1  0
 13 42  1  0
 20 43  1  0
 22 44  1  0
 23 45  1  0
 26 46  1  0
M  END
