
     RDKit          3D

 56 60  0  0  0  0  0  0  0  0999 V2000
   -6.0056    0.1228    2.3769 C   0  0  0  0  0  0  0  0  0  0  0  0
   -5.2691    0.0359    1.0630 C   0  0  0  0  0  0  0  0  0  0  0  0
   -5.8498    0.6625   -0.0470 C   0  0  0  0  0  0  0  0  0  0  0  0
   -5.2553    0.6296   -1.3133 C   0  0  0  0  0  0  0  0  0  0  0  0
   -4.0101   -0.0166   -1.4832 C   0  0  0  0  0  0  0  0  0  0  0  0
   -3.4102   -0.6674   -0.3597 C   0  0  0  0  0  0  0  0  0  0  0  0
   -4.0476   -0.6634    0.9165 C   0  0  0  0  0  0  0  0  0  0  0  0
   -3.4712   -1.3846    2.1111 C   0  0  0  0  0  0  0  0  0  0  0  0
   -1.8178   -1.5004   -0.6039 S   0  0  0  0  0  6  0  0  0  0  0  0
   -1.3351   -2.1015    0.6205 O   0  0  0  0  0  0  0  0  0  0  0  0
   -1.9131   -2.3050   -1.8038 O   0  0  0  0  0  0  0  0  0  0  0  0
   -0.7512   -0.1954   -0.9190 N   0  0  0  0  0  0  0  0  0  0  0  0
    0.5981   -0.6368   -1.4065 C   0  0  0  0  0  0  0  0  0  0  0  0
    1.6806   -0.5191   -0.3240 C   0  0  0  0  0  0  0  0  0  0  0  0
    1.7973    0.8532    0.1898 N   0  0  0  0  0  0  0  0  0  0  0  0
    0.5939    1.6786    0.0785 C   0  0  0  0  0  0  0  0  0  0  0  0
   -0.6881    0.8437    0.1624 C   0  0  0  0  0  0  0  0  0  0  0  0
    2.9952    1.4817    0.5337 C   0  0  0  0  0  0  0  0  0  0  0  0
    3.0521    2.7105    0.6017 O   0  0  0  0  0  0  0  0  0  0  0  0
    4.1837    0.6720    0.7730 C   0  0  0  0  0  0  0  0  0  0  0  0
    5.4516    0.9323    0.2740 C   0  0  0  0  0  0  0  0  0  0  0  0
    6.3679   -0.0264    0.7698 C   0  0  0  0  0  0  0  0  0  0  0  0
    5.8117   -0.9360    1.6316 C   0  0  0  0  0  0  0  0  0  0  0  0
    4.1370   -0.6453    1.8939 S   0  0  0  0  0  0  0  0  0  0  0  0
    6.7154   -1.8579    2.0941 N   0  0  0  0  0  0  0  0  0  0  0  0
    7.8193   -1.4768    1.5063 C   0  0  0  0  0  0  0  0  0  0  0  0
    7.6822   -0.3859    0.7008 N   0  0  0  0  0  0  0  0  0  0  0  0
    8.8053    0.0615    0.0586 C   0  0  0  0  0  0  0  0  0  0  0  0
    9.8671   -0.7046    0.3687 C   0  0  0  0  0  0  0  0  0  0  0  0
    9.4670   -2.0267    1.4926 S   0  0  0  0  0  0  0  0  0  0  0  0
   -3.3936   -0.0570   -2.8648 C   0  0  0  0  0  0  0  0  0  0  0  0
   -5.9807    1.3063   -2.4490 C   0  0  0  0  0  0  0  0  0  0  0  0
   -6.3472   -0.8698    2.6875 H   0  0  0  0  0  0  0  0  0  0  0  0
   -5.3608    0.5565    3.1481 H   0  0  0  0  0  0  0  0  0  0  0  0
   -6.8904    0.7648    2.3043 H   0  0  0  0  0  0  0  0  0  0  0  0
   -6.8016    1.1795    0.0759 H   0  0  0  0  0  0  0  0  0  0  0  0
   -3.3503   -2.4492    1.8892 H   0  0  0  0  0  0  0  0  0  0  0  0
   -2.5230   -0.9290    2.4106 H   0  0  0  0  0  0  0  0  0  0  0  0
   -4.1139   -1.3491    2.9938 H   0  0  0  0  0  0  0  0  0  0  0  0
    0.8543   -0.0015   -2.2636 H   0  0  0  0  0  0  0  0  0  0  0  0
    0.5701   -1.6642   -1.7833 H   0  0  0  0  0  0  0  0  0  0  0  0
    1.4271   -1.1617    0.5263 H   0  0  0  0  0  0  0  0  0  0  0  0
    2.6381   -0.8474   -0.7391 H   0  0  0  0  0  0  0  0  0  0  0  0
    0.5981    2.4368    0.8697 H   0  0  0  0  0  0  0  0  0  0  0  0
    0.6462    2.2027   -0.8839 H   0  0  0  0  0  0  0  0  0  0  0  0
   -1.5521    1.5082    0.0586 H   0  0  0  0  0  0  0  0  0  0  0  0
   -0.7321    0.3677    1.1482 H   0  0  0  0  0  0  0  0  0  0  0  0
    5.6825    1.7526   -0.3951 H   0  0  0  0  0  0  0  0  0  0  0  0
    8.7799    0.9194   -0.5948 H   0  0  0  0  0  0  0  0  0  0  0  0
   10.8751   -0.5690   -0.0009 H   0  0  0  0  0  0  0  0  0  0  0  0
   -2.3189    0.1270   -2.8453 H   0  0  0  0  0  0  0  0  0  0  0  0
   -3.7878    0.7225   -3.5228 H   0  0  0  0  0  0  0  0  0  0  0  0
   -3.5996   -1.0223   -3.3373 H   0  0  0  0  0  0  0  0  0  0  0  0
   -6.1147    0.6137   -3.2861 H   0  0  0  0  0  0  0  0  0  0  0  0
   -5.4254    2.1894   -2.7802 H   0  0  0  0  0  0  0  0  0  0  0  0
   -6.9807    1.6387   -2.1494 H   0  0  0  0  0  0  0  0  0  0  0  0
  1  2  1  0
  2  3  2  0
  3  4  1  0
  4  5  2  0
  5  6  1  0
  6  7  2  0
  7  8  1  0
  6  9  1  0
  9 10  2  0
  9 11  2  0
  9 12  1  0
 12 13  1  0
 13 14  1  0
 14 15  1  0
 15 16  1  0
 16 17  1  0
 15 18  1  0
 18 19  2  0
 18 20  1  0
 20 21  2  0
 21 22  1  0
 22 23  2  0
 23 24  1  0
 23 25  1  0
 25 26  2  0
 26 27  1  0
 27 28  1  0
 28 29  2  0
 29 30  1  0
  5 31  1  0
  4 32  1  0
  7  2  1  0
 17 12  1  0
 24 20  1  0
 27 22  1  0
 30 26  1  0
  1 33  1  0
  1 34  1  0
  1 35  1  0
  3 36  1  0
  8 37  1  0
  8 38  1  0
  8 39  1  0
 13 40  1  0
 13 41  1  0
 14 42  1  0
 14 43  1  0
 16 44  1  0
 16 45  1  0
 17 46  1  0
 17 47  1  0
 21 48  1  0
 28 49  1  0
 29 50  1  0
 31 51  1  0
 31 52  1  0
 31 53  1  0
 32 54  1  0
 32 55  1  0
 32 56  1  0
M  END
