
     RDKit          3D

 76 76  0  0  0  0  0  0  0  0999 V2000
    1.8641   -2.3754   -4.7244 C   0  0  0  0  0  0  0  0  0  0  0  0
    2.3478   -1.5240   -3.5602 C   0  0  0  0  0  0  0  0  0  0  0  0
    1.6064   -1.8770   -2.2711 C   0  0  0  0  0  0  0  0  0  0  0  0
    2.1147   -1.1173   -1.0429 C   0  0  0  0  0  0  0  0  0  0  0  0
    1.8339    0.3873   -1.0952 C   0  0  0  0  0  0  0  0  0  0  0  0
    2.2967    1.1203    0.1674 C   0  0  0  0  0  0  0  0  0  0  0  0
    1.4001    0.9988    1.3340 N   0  0  0  0  0  0  0  0  0  0  0  0
    0.1740    1.8554    1.4020 C   0  0  1  0  0  0  0  0  0  0  0  0
    0.4270    3.2936    0.9544 C   0  0  0  0  0  0  0  0  0  0  0  0
    0.0508    3.7753   -0.3087 C   0  0  0  0  0  0  0  0  0  0  0  0
    0.3196    5.0978   -0.6857 C   0  0  0  0  0  0  0  0  0  0  0  0
    0.9803    5.9586    0.1885 C   0  0  0  0  0  0  0  0  0  0  0  0
    1.3783    5.4831    1.4381 C   0  0  0  0  0  0  0  0  0  0  0  0
    1.1075    4.1665    1.8197 C   0  0  0  0  0  0  0  0  0  0  0  0
    1.2994    7.2659   -0.0555 O   0  0  0  0  0  0  0  0  0  0  0  0
    0.8095    7.8300   -1.2655 C   0  0  0  0  0  0  0  0  0  0  0  0
   -1.1101    1.1957    0.7985 C   0  0  0  0  0  0  0  0  0  0  0  0
   -2.1312    1.8374    0.5610 O   0  0  0  0  0  0  0  0  0  0  0  0
   -1.0531   -0.1831    0.6870 N   0  0  0  0  0  0  0  0  0  0  0  0
   -2.1473   -1.0761    0.2085 C   0  0  0  0  0  0  0  0  0  0  0  0
   -3.3733   -0.8870    1.1241 C   0  0  0  0  0  0  0  0  0  0  0  0
   -2.5092   -0.7061   -1.2333 C   0  0  0  0  0  0  0  0  0  0  0  0
   -1.5919   -2.5369    0.3386 C   0  0  0  0  0  0  0  0  0  0  0  0
   -2.2566   -3.7946   -0.3059 C   0  0  0  0  0  0  0  0  0  0  0  0
   -3.7637   -3.9075   -0.0537 C   0  0  0  0  0  0  0  0  0  0  0  0
   -1.9855   -3.8800   -1.8199 C   0  0  0  0  0  0  0  0  0  0  0  0
   -1.5844   -5.0357    0.3369 C   0  0  0  0  0  0  0  0  0  0  0  0
    1.7638    0.0857    2.3285 C   0  0  0  0  0  0  0  0  0  0  0  0
    2.6842   -0.7133    2.1562 O   0  0  0  0  0  0  0  0  0  0  0  0
    0.9505    0.0725    3.6169 C   0  0  0  0  0  0  0  0  0  0  0  0
    1.4906   -0.8976    4.6662 C   0  0  0  0  0  0  0  0  0  0  0  0
    2.8996   -0.2017    5.5884 S   0  0  0  0  0  0  0  0  0  0  0  0
    2.4109   -2.1157   -5.6372 H   0  0  0  0  0  0  0  0  0  0  0  0
    0.7978   -2.2139   -4.9093 H   0  0  0  0  0  0  0  0  0  0  0  0
    2.0228   -3.4400   -4.5234 H   0  0  0  0  0  0  0  0  0  0  0  0
    3.4245   -1.6781   -3.4256 H   0  0  0  0  0  0  0  0  0  0  0  0
    2.1969   -0.4687   -3.8117 H   0  0  0  0  0  0  0  0  0  0  0  0
    0.5339   -1.6924   -2.4005 H   0  0  0  0  0  0  0  0  0  0  0  0
    1.7198   -2.9514   -2.0767 H   0  0  0  0  0  0  0  0  0  0  0  0
    1.6382   -1.5521   -0.1591 H   0  0  0  0  0  0  0  0  0  0  0  0
    3.1923   -1.2872   -0.9307 H   0  0  0  0  0  0  0  0  0  0  0  0
    0.7733    0.5741   -1.2910 H   0  0  0  0  0  0  0  0  0  0  0  0
    2.3881    0.8144   -1.9392 H   0  0  0  0  0  0  0  0  0  0  0  0
    3.3005    0.7696    0.4393 H   0  0  0  0  0  0  0  0  0  0  0  0
    2.4326    2.1811   -0.0631 H   0  0  0  0  0  0  0  0  0  0  0  0
   -0.1120    1.9438    2.4556 H   0  0  0  0  0  0  0  0  0  0  0  0
   -0.4670    3.1335   -1.0191 H   0  0  0  0  0  0  0  0  0  0  0  0
   -0.0032    5.4203   -1.6703 H   0  0  0  0  0  0  0  0  0  0  0  0
    1.9028    6.1453    2.1226 H   0  0  0  0  0  0  0  0  0  0  0  0
    1.4386    3.8263    2.7988 H   0  0  0  0  0  0  0  0  0  0  0  0
    1.1036    8.8841   -1.2852 H   0  0  0  0  0  0  0  0  0  0  0  0
   -0.2848    7.7884   -1.3066 H   0  0  0  0  0  0  0  0  0  0  0  0
    1.2585    7.3426   -2.1381 H   0  0  0  0  0  0  0  0  0  0  0  0
   -0.1180   -0.5729    0.7125 H   0  0  0  0  0  0  0  0  0  0  0  0
   -4.2212   -1.5023    0.8217 H   0  0  0  0  0  0  0  0  0  0  0  0
   -3.1285   -1.1340    2.1640 H   0  0  0  0  0  0  0  0  0  0  0  0
   -3.7396    0.1438    1.1188 H   0  0  0  0  0  0  0  0  0  0  0  0
   -2.7892    0.3477   -1.3300 H   0  0  0  0  0  0  0  0  0  0  0  0
   -3.3650   -1.2808   -1.5961 H   0  0  0  0  0  0  0  0  0  0  0  0
   -1.6622   -0.8692   -1.9063 H   0  0  0  0  0  0  0  0  0  0  0  0
   -1.4874   -2.7310    1.4177 H   0  0  0  0  0  0  0  0  0  0  0  0
   -0.5556   -2.5281   -0.0313 H   0  0  0  0  0  0  0  0  0  0  0  0
   -3.9945   -3.8218    1.0139 H   0  0  0  0  0  0  0  0  0  0  0  0
   -4.1468   -4.8783   -0.3908 H   0  0  0  0  0  0  0  0  0  0  0  0
   -4.3266   -3.1462   -0.6005 H   0  0  0  0  0  0  0  0  0  0  0  0
   -2.5105   -3.1102   -2.3873 H   0  0  0  0  0  0  0  0  0  0  0  0
   -2.3189   -4.8439   -2.2227 H   0  0  0  0  0  0  0  0  0  0  0  0
   -0.9162   -3.7910   -2.0356 H   0  0  0  0  0  0  0  0  0  0  0  0
   -1.9678   -5.9673   -0.0940 H   0  0  0  0  0  0  0  0  0  0  0  0
   -0.4992   -5.0225    0.1844 H   0  0  0  0  0  0  0  0  0  0  0  0
   -1.7706   -5.0718    1.4163 H   0  0  0  0  0  0  0  0  0  0  0  0
    0.8994    1.0821    4.0379 H   0  0  0  0  0  0  0  0  0  0  0  0
   -0.0643   -0.2493    3.3554 H   0  0  0  0  0  0  0  0  0  0  0  0
    0.7056   -1.1107    5.3997 H   0  0  0  0  0  0  0  0  0  0  0  0
    1.7938   -1.8512    4.2219 H   0  0  0  0  0  0  0  0  0  0  0  0
    2.2227    0.7743    6.2079 H   0  0  0  0  0  0  0  0  0  0  0  0
  1  2  1  0
  2  3  1  0
  3  4  1  0
  4  5  1  0
  5  6  1  0
  6  7  1  0
  7  8  1  0
  8  9  1  0
  9 10  2  0
 10 11  1  0
 11 12  2  0
 12 13  1  0
 13 14  2  0
 12 15  1  0
 15 16  1  0
  8 17  1  0
 17 18  2  0
 17 19  1  0
 19 20  1  0
 20 21  1  0
 20 22  1  0
 20 23  1  0
 23 24  1  0
 24 25  1  0
 24 26  1  0
 24 27  1  0
  7 28  1  0
 28 29  2  0
 28 30  1  0
 30 31  1  0
 31 32  1  0
 14  9  1  0
  1 33  1  0
  1 34  1  0
  1 35  1  0
  2 36  1  0
  2 37  1  0
  3 38  1  0
  3 39  1  0
  4 40  1  0
  4 41  1  0
  5 42  1  0
  5 43  1  0
  6 44  1  0
  6 45  1  0
  8 46  1  1
 10 47  1  0
 11 48  1  0
 13 49  1  0
 14 50  1  0
 16 51  1  0
 16 52  1  0
 16 53  1  0
 19 54  1  0
 21 55  1  0
 21 56  1  0
 21 57  1  0
 22 58  1  0
 22 59  1  0
 22 60  1  0
 23 61  1  0
 23 62  1  0
 25 63  1  0
 25 64  1  0
 25 65  1  0
 26 66  1  0
 26 67  1  0
 26 68  1  0
 27 69  1  0
 27 70  1  0
 27 71  1  0
 30 72  1  0
 30 73  1  0
 31 74  1  0
 31 75  1  0
 32 76  1  0
M  END
