
     RDKit          3D

 60 62  0  0  0  0  0  0  0  0999 V2000
    5.7115    2.6850    3.7507 C   0  0  0  0  0  0  0  0  0  0  0  0
    5.5482    1.8531    2.4901 C   0  0  0  0  0  0  0  0  0  0  0  0
    4.4049    1.0224    2.6712 O   0  0  0  0  0  0  0  0  0  0  0  0
    4.1078    0.1487    1.6625 C   0  0  0  0  0  0  0  0  0  0  0  0
    4.8279   -0.0283    0.4819 C   0  0  0  0  0  0  0  0  0  0  0  0
    4.4144   -0.9709   -0.4705 C   0  0  0  0  0  0  0  0  0  0  0  0
    3.2637   -1.7329   -0.2560 C   0  0  0  0  0  0  0  0  0  0  0  0
    2.5424   -1.5491    0.9239 C   0  0  0  0  0  0  0  0  0  0  0  0
    2.9622   -0.6167    1.8770 C   0  0  0  0  0  0  0  0  0  0  0  0
    2.7499   -2.6793   -1.1001 O   0  0  0  0  0  0  0  0  0  0  0  0
    3.1657   -2.6613   -2.4707 C   0  0  0  0  0  0  0  0  0  0  0  0
    2.4767   -1.5443   -3.2583 C   0  0  0  0  0  0  0  0  0  0  0  0
    1.0433   -1.7734   -3.3932 N   0  0  0  0  0  0  0  0  0  0  0  0
    0.2898   -0.9498   -4.2032 C   0  0  0  0  0  0  0  0  0  0  0  0
    0.8062   -0.1199   -4.9509 O   0  0  0  0  0  0  0  0  0  0  0  0
   -1.2131   -1.1682   -4.2157 C   0  0  0  0  0  0  0  0  0  0  0  0
   -1.9155   -2.0438   -2.7973 S   0  0  0  0  0  0  0  0  0  0  0  0
   -1.7029   -0.8732   -1.5486 C   0  0  0  0  0  0  0  0  0  0  0  0
   -0.5432   -0.4307   -1.1401 N   0  0  0  0  0  0  0  0  0  0  0  0
   -0.7764    0.4560   -0.1282 N   0  0  0  0  0  0  0  0  0  0  0  0
   -2.0776    0.5465    0.0686 C   0  0  0  0  0  0  0  0  0  0  0  0
   -2.7091   -0.3145   -0.8101 N   0  0  0  0  0  0  0  0  0  0  0  0
   -4.1327   -0.5737   -0.9543 C   0  0  0  0  0  0  0  0  0  0  0  0
   -4.5369   -1.8779   -0.3291 C   0  0  0  0  0  0  0  0  0  0  0  0
   -5.2506   -2.8278   -0.9464 C   0  0  0  0  0  0  0  0  0  0  0  0
   -2.6699    1.4839    1.0613 C   0  0  2  0  0  0  0  0  0  0  0  0
   -3.5546    0.8390    2.1322 C   0  0  0  0  0  0  0  0  0  0  0  0
   -4.1608    1.9957    2.9078 C   0  0  0  0  0  0  0  0  0  0  0  0
   -4.5924    3.1847    1.6557 S   0  0  0  0  0  6  0  0  0  0  0  0
   -5.9246    2.8748    1.1789 O   0  0  0  0  0  0  0  0  0  0  0  0
   -4.2215    4.4995    2.1144 O   0  0  0  0  0  0  0  0  0  0  0  0
   -3.4291    2.6390    0.4198 C   0  0  0  0  0  0  0  0  0  0  0  0
    5.8117    2.0350    4.6291 H   0  0  0  0  0  0  0  0  0  0  0  0
    6.5998    3.3256    3.6856 H   0  0  0  0  0  0  0  0  0  0  0  0
    4.8282    3.3089    3.9281 H   0  0  0  0  0  0  0  0  0  0  0  0
    6.4505    1.2449    2.3309 H   0  0  0  0  0  0  0  0  0  0  0  0
    5.3963    2.5128    1.6356 H   0  0  0  0  0  0  0  0  0  0  0  0
    5.7116    0.5569    0.2618 H   0  0  0  0  0  0  0  0  0  0  0  0
    5.0202   -1.0840   -1.3648 H   0  0  0  0  0  0  0  0  0  0  0  0
    1.6304   -2.1166    1.0956 H   0  0  0  0  0  0  0  0  0  0  0  0
    2.3812   -0.4764    2.7826 H   0  0  0  0  0  0  0  0  0  0  0  0
    2.8729   -3.6293   -2.8948 H   0  0  0  0  0  0  0  0  0  0  0  0
    4.2577   -2.6149   -2.5606 H   0  0  0  0  0  0  0  0  0  0  0  0
    2.6084   -0.5686   -2.7784 H   0  0  0  0  0  0  0  0  0  0  0  0
    2.9064   -1.4839   -4.2667 H   0  0  0  0  0  0  0  0  0  0  0  0
    0.5722   -2.1172   -2.5719 H   0  0  0  0  0  0  0  0  0  0  0  0
   -1.7105   -0.1968   -4.3001 H   0  0  0  0  0  0  0  0  0  0  0  0
   -1.4452   -1.7444   -5.1201 H   0  0  0  0  0  0  0  0  0  0  0  0
   -4.3735   -0.5242   -2.0225 H   0  0  0  0  0  0  0  0  0  0  0  0
   -4.6829    0.2386   -0.4774 H   0  0  0  0  0  0  0  0  0  0  0  0
   -4.2266   -2.0525    0.6967 H   0  0  0  0  0  0  0  0  0  0  0  0
   -5.6043   -2.7061   -1.9612 H   0  0  0  0  0  0  0  0  0  0  0  0
   -5.5046   -3.7506   -0.4402 H   0  0  0  0  0  0  0  0  0  0  0  0
   -1.8158    1.9297    1.5974 H   0  0  0  0  0  0  0  0  0  0  0  0
   -2.9872    0.1762    2.7926 H   0  0  0  0  0  0  0  0  0  0  0  0
   -4.3633    0.2460    1.6985 H   0  0  0  0  0  0  0  0  0  0  0  0
   -5.0539    1.7072    3.4678 H   0  0  0  0  0  0  0  0  0  0  0  0
   -3.4264    2.4599    3.5699 H   0  0  0  0  0  0  0  0  0  0  0  0
   -3.9939    2.3615   -0.4697 H   0  0  0  0  0  0  0  0  0  0  0  0
   -2.7630    3.4697    0.1636 H   0  0  0  0  0  0  0  0  0  0  0  0
  1  2  1  0
  2  3  1  0
  3  4  1  0
  4  5  2  0
  5  6  1  0
  6  7  2  0
  7  8  1  0
  8  9  2  0
  7 10  1  0
 10 11  1  0
 11 12  1  0
 12 13  1  0
 13 14  1  0
 14 15  2  0
 14 16  1  0
 16 17  1  0
 17 18  1  0
 18 19  2  0
 19 20  1  0
 20 21  2  0
 21 22  1  0
 22 23  1  0
 23 24  1  0
 24 25  2  3
 21 26  1  0
 26 27  1  0
 27 28  1  0
 28 29  1  0
 29 30  2  0
 29 31  2  0
 29 32  1  0
  9  4  1  0
 22 18  1  0
 32 26  1  0
  1 33  1  0
  1 34  1  0
  1 35  1  0
  2 36  1  0
  2 37  1  0
  5 38  1  0
  6 39  1  0
  8 40  1  0
  9 41  1  0
 11 42  1  0
 11 43  1  0
 12 44  1  0
 12 45  1  0
 13 46  1  0
 16 47  1  0
 16 48  1  0
 23 49  1  0
 23 50  1  0
 24 51  1  0
 25 52  1  0
 25 53  1  0
 26 54  1  1
 27 55  1  0
 27 56  1  0
 28 57  1  0
 28 58  1  0
 32 59  1  0
 32 60  1  0
M  END
