
     RDKit          3D

 51 53  0  0  0  0  0  0  0  0999 V2000
    1.0143   -4.0976    1.5112 C   0  0  0  0  0  0  0  0  0  0  0  0
    0.7245   -2.6975    1.4802 O   0  0  0  0  0  0  0  0  0  0  0  0
    1.4639   -1.9927    0.5814 C   0  0  0  0  0  0  0  0  0  0  0  0
    2.3557   -2.5017   -0.1066 O   0  0  0  0  0  0  0  0  0  0  0  0
    1.1254   -0.4750    0.5141 C   0  0  2  0  0  0  0  0  0  0  0  0
    0.6540   -0.0177    1.9350 C   0  0  0  0  0  0  0  0  0  0  0  0
   -0.4588   -0.6716    2.3649 F   0  0  0  0  0  0  0  0  0  0  0  0
    0.3491    1.2975    2.0156 F   0  0  0  0  0  0  0  0  0  0  0  0
    1.6201   -0.2514    2.8652 F   0  0  0  0  0  0  0  0  0  0  0  0
    0.2612   -0.1628   -0.6566 N   0  0  0  0  0  0  0  0  0  0  0  0
   -1.0867    0.0229   -0.5097 C   0  0  0  0  0  0  0  0  0  0  0  0
   -2.1145   -0.8505   -0.1678 C   0  0  0  0  0  0  0  0  0  0  0  0
   -3.3958   -0.1650   -0.1224 C   0  0  0  0  0  0  0  0  0  0  0  0
   -3.2778    1.1620   -0.4839 C   0  0  0  0  0  0  0  0  0  0  0  0
   -1.6878    1.6006   -0.8499 S   0  0  0  0  0  0  0  0  0  0  0  0
   -4.4024    2.1483   -0.5707 C   0  0  0  0  0  0  0  0  0  0  0  0
   -5.7506    1.4185   -0.6421 C   0  0  0  0  0  0  0  0  0  0  0  0
   -5.8306    0.2879    0.3890 C   0  0  0  0  0  0  0  0  0  0  0  0
   -4.7447   -0.7753    0.1579 C   0  0  0  0  0  0  0  0  0  0  0  0
   -1.9249   -2.2779    0.0599 C   0  0  0  0  0  0  0  0  0  0  0  0
   -1.2778   -3.0170   -0.6726 O   0  0  0  0  0  0  0  0  0  0  0  0
   -2.4852   -2.7536    1.2123 N   0  0  0  0  0  0  0  0  0  0  0  0
    2.4431    0.0677    0.0822 N   0  0  0  0  0  0  0  0  0  0  0  0
    2.7985    1.3878    0.0826 C   0  0  0  0  0  0  0  0  0  0  0  0
    2.0244    2.2796    0.3948 O   0  0  0  0  0  0  0  0  0  0  0  0
    4.1773    1.7161   -0.3821 C   0  0  0  0  0  0  0  0  0  0  0  0
    5.2177    0.7750   -0.3755 C   0  0  0  0  0  0  0  0  0  0  0  0
    6.4951    1.1395   -0.8155 C   0  0  0  0  0  0  0  0  0  0  0  0
    6.7365    2.4423   -1.2522 C   0  0  0  0  0  0  0  0  0  0  0  0
    5.7135    3.3885   -1.2493 C   0  0  0  0  0  0  0  0  0  0  0  0
    4.4363    3.0267   -0.8116 C   0  0  0  0  0  0  0  0  0  0  0  0
    8.3093    2.8848   -1.7884 Cl  0  0  0  0  0  0  0  0  0  0  0  0
    0.3296   -4.5673    2.2240 H   0  0  0  0  0  0  0  0  0  0  0  0
    0.8502   -4.5499    0.5276 H   0  0  0  0  0  0  0  0  0  0  0  0
    2.0404   -4.2666    1.8528 H   0  0  0  0  0  0  0  0  0  0  0  0
    0.6757    0.6698   -1.0784 H   0  0  0  0  0  0  0  0  0  0  0  0
   -4.2960    2.7931   -1.4506 H   0  0  0  0  0  0  0  0  0  0  0  0
   -4.3808    2.7913    0.3178 H   0  0  0  0  0  0  0  0  0  0  0  0
   -6.5636    2.1351   -0.4774 H   0  0  0  0  0  0  0  0  0  0  0  0
   -5.8920    0.9996   -1.6465 H   0  0  0  0  0  0  0  0  0  0  0  0
   -5.7184    0.7124    1.3948 H   0  0  0  0  0  0  0  0  0  0  0  0
   -6.8182   -0.1861    0.3506 H   0  0  0  0  0  0  0  0  0  0  0  0
   -5.0254   -1.4001   -0.6992 H   0  0  0  0  0  0  0  0  0  0  0  0
   -4.7090   -1.4221    1.0387 H   0  0  0  0  0  0  0  0  0  0  0  0
   -2.6922   -2.1017    1.9575 H   0  0  0  0  0  0  0  0  0  0  0  0
   -2.2060   -3.6876    1.4771 H   0  0  0  0  0  0  0  0  0  0  0  0
    3.0128   -0.6051   -0.4233 H   0  0  0  0  0  0  0  0  0  0  0  0
    5.0689   -0.2390   -0.0141 H   0  0  0  0  0  0  0  0  0  0  0  0
    7.2983    0.4051   -0.8066 H   0  0  0  0  0  0  0  0  0  0  0  0
    5.9009    4.4071   -1.5802 H   0  0  0  0  0  0  0  0  0  0  0  0
    3.6426    3.7734   -0.8063 H   0  0  0  0  0  0  0  0  0  0  0  0
  1  2  1  0
  2  3  1  0
  3  4  2  0
  3  5  1  0
  5  6  1  0
  6  7  1  0
  6  8  1  0
  6  9  1  0
  5 10  1  6
 10 11  1  0
 11 12  2  0
 12 13  1  0
 13 14  2  0
 14 15  1  0
 14 16  1  0
 16 17  1  0
 17 18  1  0
 18 19  1  0
 12 20  1  0
 20 21  2  0
 20 22  1  0
  5 23  1  0
 23 24  1  0
 24 25  2  0
 24 26  1  0
 26 27  2  0
 27 28  1  0
 28 29  2  0
 29 30  1  0
 30 31  2  0
 29 32  1  0
 15 11  1  0
 19 13  1  0
 31 26  1  0
  1 33  1  0
  1 34  1  0
  1 35  1  0
 10 36  1  0
 16 37  1  0
 16 38  1  0
 17 39  1  0
 17 40  1  0
 18 41  1  0
 18 42  1  0
 19 43  1  0
 19 44  1  0
 22 45  1  0
 22 46  1  0
 23 47  1  0
 27 48  1  0
 28 49  1  0
 30 50  1  0
 31 51  1  0
M  END
