
     RDKit          3D

 52 56  0  0  0  0  0  0  0  0999 V2000
   -7.6082    0.0630    1.1127 C   0  0  0  0  0  0  0  0  0  0  0  0
   -6.6114    0.0945   -0.0021 C   0  0  0  0  0  0  0  0  0  0  0  0
   -6.6412    0.9575   -1.0891 C   0  0  0  0  0  0  0  0  0  0  0  0
   -5.3401    0.6821   -2.1702 S   0  0  0  0  0  0  0  0  0  0  0  0
   -4.7060   -0.5687   -1.2086 C   0  0  0  0  0  0  0  0  0  0  0  0
   -5.4715   -0.7806   -0.0825 C   0  0  0  0  0  0  0  0  0  0  0  0
   -5.0344   -1.8196    0.8271 C   0  0  0  0  0  0  0  0  0  0  0  0
   -5.6102   -2.1285    1.8654 O   0  0  0  0  0  0  0  0  0  0  0  0
   -3.8814   -2.4606    0.4314 N   0  0  0  0  0  0  0  0  0  0  0  0
   -3.2013   -2.1566   -0.7323 C   0  0  0  0  0  0  0  0  0  0  0  0
   -3.5782   -1.2370   -1.5663 N   0  0  0  0  0  0  0  0  0  0  0  0
   -1.9545   -2.9767   -0.9912 C   0  0  0  0  0  0  0  0  0  0  0  0
   -0.4436   -1.9550   -0.9319 S   0  0  0  0  0  0  0  0  0  0  0  0
   -0.5363   -1.2646    0.7758 C   0  0  1  0  0  0  0  0  0  0  0  0
   -0.2725   -2.3503    1.8137 C   0  0  0  0  0  0  0  0  0  0  0  0
    0.4786   -0.1251    0.9674 C   0  0  0  0  0  0  0  0  0  0  0  0
    0.1839    0.8296    1.6849 O   0  0  0  0  0  0  0  0  0  0  0  0
    1.6946   -0.3519    0.3639 N   0  0  0  0  0  0  0  0  0  0  0  0
    2.8139    0.4361    0.4065 C   0  0  0  0  0  0  0  0  0  0  0  0
    3.8799    0.1213   -0.2868 N   0  0  0  0  0  0  0  0  0  0  0  0
    4.8819    1.0665   -0.0751 C   0  0  0  0  0  0  0  0  0  0  0  0
    6.1856    1.0770   -0.6526 C   0  0  0  0  0  0  0  0  0  0  0  0
    6.5772    0.0509   -1.5351 C   0  0  0  0  0  0  0  0  0  0  0  0
    7.8535    0.0579   -2.0969 C   0  0  0  0  0  0  0  0  0  0  0  0
    8.7446    1.0853   -1.7896 C   0  0  0  0  0  0  0  0  0  0  0  0
    8.3660    2.1098   -0.9168 C   0  0  0  0  0  0  0  0  0  0  0  0
    7.0882    2.1214   -0.3352 C   0  0  0  0  0  0  0  0  0  0  0  0
    6.6905    3.1324    0.5464 C   0  0  0  0  0  0  0  0  0  0  0  0
    5.4176    3.1349    1.1273 C   0  0  0  0  0  0  0  0  0  0  0  0
    4.5334    2.0954    0.8036 C   0  0  0  0  0  0  0  0  0  0  0  0
    2.9255    1.8370    1.3596 S   0  0  0  0  0  0  0  0  0  0  0  0
   -7.6370    2.0257   -1.4068 C   0  0  0  0  0  0  0  0  0  0  0  0
   -7.1221    0.3165    2.0610 H   0  0  0  0  0  0  0  0  0  0  0  0
   -8.4248    0.7740    0.9537 H   0  0  0  0  0  0  0  0  0  0  0  0
   -8.0529   -0.9345    1.1975 H   0  0  0  0  0  0  0  0  0  0  0  0
   -3.5698   -3.1890    1.0571 H   0  0  0  0  0  0  0  0  0  0  0  0
   -2.0322   -3.4026   -1.9971 H   0  0  0  0  0  0  0  0  0  0  0  0
   -1.8675   -3.8083   -0.2862 H   0  0  0  0  0  0  0  0  0  0  0  0
   -1.5278   -0.8230    0.9198 H   0  0  0  0  0  0  0  0  0  0  0  0
   -1.0483   -3.1222    1.8027 H   0  0  0  0  0  0  0  0  0  0  0  0
    0.6996   -2.8332    1.6626 H   0  0  0  0  0  0  0  0  0  0  0  0
   -0.2593   -1.9184    2.8222 H   0  0  0  0  0  0  0  0  0  0  0  0
    1.7654   -1.1247   -0.2889 H   0  0  0  0  0  0  0  0  0  0  0  0
    5.8872   -0.7547   -1.7793 H   0  0  0  0  0  0  0  0  0  0  0  0
    8.1531   -0.7409   -2.7715 H   0  0  0  0  0  0  0  0  0  0  0  0
    9.7389    1.0896   -2.2299 H   0  0  0  0  0  0  0  0  0  0  0  0
    9.0805    2.9003   -0.6953 H   0  0  0  0  0  0  0  0  0  0  0  0
    7.3776    3.9397    0.7978 H   0  0  0  0  0  0  0  0  0  0  0  0
    5.1245    3.9224    1.8169 H   0  0  0  0  0  0  0  0  0  0  0  0
   -7.8581    2.6229   -0.5148 H   0  0  0  0  0  0  0  0  0  0  0  0
   -7.2780    2.7111   -2.1850 H   0  0  0  0  0  0  0  0  0  0  0  0
   -8.5729    1.5721   -1.7605 H   0  0  0  0  0  0  0  0  0  0  0  0
  1  2  1  0
  2  3  2  0
  3  4  1  0
  4  5  1  0
  5  6  2  0
  6  7  1  0
  7  8  2  0
  7  9  1  0
  9 10  1  0
 10 11  2  0
 10 12  1  0
 12 13  1  0
 13 14  1  0
 14 15  1  0
 14 16  1  0
 16 17  2  0
 16 18  1  0
 18 19  1  0
 19 20  2  0
 20 21  1  0
 21 22  2  0
 22 23  1  0
 23 24  2  0
 24 25  1  0
 25 26  2  0
 26 27  1  0
 27 28  2  0
 28 29  1  0
 29 30  2  0
 30 31  1  0
  3 32  1  0
  6  2  1  0
 11  5  1  0
 31 19  1  0
 30 21  1  0
 27 22  1  0
  1 33  1  0
  1 34  1  0
  1 35  1  0
  9 36  1  0
 12 37  1  0
 12 38  1  0
 14 39  1  1
 15 40  1  0
 15 41  1  0
 15 42  1  0
 18 43  1  0
 23 44  1  0
 24 45  1  0
 25 46  1  0
 26 47  1  0
 28 48  1  0
 29 49  1  0
 32 50  1  0
 32 51  1  0
 32 52  1  0
M  END
