
     RDKit          3D

 71 73  0  0  0  0  0  0  0  0999 V2000
    2.4531   -2.0421   -2.5773 C   0  0  0  0  0  0  0  0  0  0  0  0
    3.4048   -1.7669   -1.4438 C   0  0  0  0  0  0  0  0  0  0  0  0
    4.6805   -2.3460   -1.5389 C   0  0  0  0  0  0  0  0  0  0  0  0
    5.6018   -2.2072   -0.5121 C   0  0  0  0  0  0  0  0  0  0  0  0
    5.2585   -1.4972    0.6358 C   0  0  0  0  0  0  0  0  0  0  0  0
    3.9953   -0.8913    0.7792 C   0  0  0  0  0  0  0  0  0  0  0  0
    3.0814   -0.9844   -0.3077 C   0  0  0  0  0  0  0  0  0  0  0  0
    1.8106   -0.3481   -0.2118 N   0  0  0  0  0  0  0  0  0  0  0  0
    1.2825    0.5796   -1.1141 C   0  0  0  0  0  0  0  0  0  0  0  0
    2.2245    1.4764   -2.1809 S   0  0  0  0  0  0  0  0  0  0  0  0
   -0.1253    0.7517   -0.9313 N   0  0  0  0  0  0  0  0  0  0  0  0
   -0.8408    1.8540   -1.6237 C   0  0  0  0  0  0  0  0  0  0  0  0
   -1.0763    3.0870   -0.7726 C   0  0  0  0  0  0  0  0  0  0  0  0
   -2.0683    4.0026   -1.1765 C   0  0  0  0  0  0  0  0  0  0  0  0
   -2.3080    5.1681   -0.4450 C   0  0  0  0  0  0  0  0  0  0  0  0
   -1.5527    5.4273    0.6905 C   0  0  0  0  0  0  0  0  0  0  0  0
   -0.5563    4.5495    1.1019 C   0  0  0  0  0  0  0  0  0  0  0  0
   -0.3112    3.3872    0.3672 C   0  0  0  0  0  0  0  0  0  0  0  0
   -1.7850    6.5419    1.3956 F   0  0  0  0  0  0  0  0  0  0  0  0
   -0.9649   -0.3023   -0.2899 C   0  0  0  0  0  0  0  0  0  0  0  0
   -1.9894    0.2455    0.7053 C   0  0  0  0  0  0  0  0  0  0  0  0
   -2.8168   -0.8580    1.3859 C   0  0  0  0  0  0  0  0  0  0  0  0
   -3.1716   -1.9641    0.4086 N   0  0  0  0  0  4  0  0  0  0  0  0
   -2.9927   -1.7362   -1.0720 C   0  0  0  0  0  0  0  0  0  0  0  0
   -1.5594   -1.2566   -1.3450 C   0  0  0  0  0  0  0  0  0  0  0  0
   -4.0664   -0.7680   -1.5869 C   0  0  0  0  0  0  0  0  0  0  0  0
   -3.2230   -3.0958   -1.7561 C   0  0  0  0  0  0  0  0  0  0  0  0
   -4.1222   -0.2794    1.9480 C   0  0  0  0  0  0  0  0  0  0  0  0
   -2.0282   -1.5146    2.5322 C   0  0  0  0  0  0  0  0  0  0  0  0
    3.6911   -0.0960    2.0519 C   0  0  0  0  0  0  0  0  0  0  0  0
    4.4471   -0.5560    3.3086 C   0  0  0  0  0  0  0  0  0  0  0  0
    3.9453    1.3975    1.8239 C   0  0  0  0  0  0  0  0  0  0  0  0
    2.6447   -1.3653   -3.4133 H   0  0  0  0  0  0  0  0  0  0  0  0
    2.5775   -3.0709   -2.9368 H   0  0  0  0  0  0  0  0  0  0  0  0
    1.4086   -1.9552   -2.2678 H   0  0  0  0  0  0  0  0  0  0  0  0
    4.9594   -2.9220   -2.4212 H   0  0  0  0  0  0  0  0  0  0  0  0
    6.5862   -2.6595   -0.5988 H   0  0  0  0  0  0  0  0  0  0  0  0
    6.0148   -1.4139    1.4118 H   0  0  0  0  0  0  0  0  0  0  0  0
    1.5735   -0.0591    0.7241 H   0  0  0  0  0  0  0  0  0  0  0  0
   -0.3206    2.1602   -2.5344 H   0  0  0  0  0  0  0  0  0  0  0  0
   -1.8093    1.4615   -1.9551 H   0  0  0  0  0  0  0  0  0  0  0  0
   -2.6478    3.8276   -2.0817 H   0  0  0  0  0  0  0  0  0  0  0  0
   -3.0633    5.8843   -0.7616 H   0  0  0  0  0  0  0  0  0  0  0  0
    0.0351    4.7860    1.9820 H   0  0  0  0  0  0  0  0  0  0  0  0
    0.4930    2.7302    0.6912 H   0  0  0  0  0  0  0  0  0  0  0  0
   -0.3051   -0.9335    0.3128 H   0  0  0  0  0  0  0  0  0  0  0  0
   -2.6542    0.9659    0.2241 H   0  0  0  0  0  0  0  0  0  0  0  0
   -1.4620    0.8255    1.4749 H   0  0  0  0  0  0  0  0  0  0  0  0
   -4.1474   -2.2589    0.5764 H   0  0  0  0  0  0  0  0  0  0  0  0
   -2.6252   -2.8048    0.6540 H   0  0  0  0  0  0  0  0  0  0  0  0
   -0.8881   -2.1263   -1.3996 H   0  0  0  0  0  0  0  0  0  0  0  0
   -1.5122   -0.8175   -2.3505 H   0  0  0  0  0  0  0  0  0  0  0  0
   -3.9559    0.2509   -1.2081 H   0  0  0  0  0  0  0  0  0  0  0  0
   -4.0175   -0.6910   -2.6803 H   0  0  0  0  0  0  0  0  0  0  0  0
   -5.0733   -1.1116   -1.3219 H   0  0  0  0  0  0  0  0  0  0  0  0
   -3.1115   -3.0111   -2.8428 H   0  0  0  0  0  0  0  0  0  0  0  0
   -4.2289   -3.4782   -1.5503 H   0  0  0  0  0  0  0  0  0  0  0  0
   -2.5077   -3.8495   -1.4064 H   0  0  0  0  0  0  0  0  0  0  0  0
   -4.7487    0.1496    1.1592 H   0  0  0  0  0  0  0  0  0  0  0  0
   -3.9140    0.5120    2.6762 H   0  0  0  0  0  0  0  0  0  0  0  0
   -4.7133   -1.0483    2.4585 H   0  0  0  0  0  0  0  0  0  0  0  0
   -2.6160   -2.3009    3.0193 H   0  0  0  0  0  0  0  0  0  0  0  0
   -1.7615   -0.7777    3.2981 H   0  0  0  0  0  0  0  0  0  0  0  0
   -1.0989   -1.9754    2.1779 H   0  0  0  0  0  0  0  0  0  0  0  0
    2.6349   -0.2399    2.3057 H   0  0  0  0  0  0  0  0  0  0  0  0
    5.5138   -0.3009    3.2595 H   0  0  0  0  0  0  0  0  0  0  0  0
    4.0406   -0.0589    4.1968 H   0  0  0  0  0  0  0  0  0  0  0  0
    4.3524   -1.6372    3.4585 H   0  0  0  0  0  0  0  0  0  0  0  0
    3.7163    1.9731    2.7285 H   0  0  0  0  0  0  0  0  0  0  0  0
    3.3221    1.7942    1.0161 H   0  0  0  0  0  0  0  0  0  0  0  0
    4.9912    1.5880    1.5563 H   0  0  0  0  0  0  0  0  0  0  0  0
  1  2  1  0
  2  3  2  0
  3  4  1  0
  4  5  2  0
  5  6  1  0
  6  7  2  0
  7  8  1  0
  8  9  1  0
  9 10  2  0
  9 11  1  0
 11 12  1  0
 12 13  1  0
 13 14  2  0
 14 15  1  0
 15 16  2  0
 16 17  1  0
 17 18  2  0
 16 19  1  0
 11 20  1  0
 20 21  1  0
 21 22  1  0
 22 23  1  0
 23 24  1  0
 24 25  1  0
 24 26  1  0
 24 27  1  0
 22 28  1  0
 22 29  1  0
  6 30  1  0
 30 31  1  0
 30 32  1  0
  7  2  1  0
 18 13  1  0
 25 20  1  0
  1 33  1  0
  1 34  1  0
  1 35  1  0
  3 36  1  0
  4 37  1  0
  5 38  1  0
  8 39  1  0
 12 40  1  0
 12 41  1  0
 14 42  1  0
 15 43  1  0
 17 44  1  0
 18 45  1  0
 20 46  1  0
 21 47  1  0
 21 48  1  0
 23 49  1  0
 23 50  1  0
 25 51  1  0
 25 52  1  0
 26 53  1  0
 26 54  1  0
 26 55  1  0
 27 56  1  0
 27 57  1  0
 27 58  1  0
 28 59  1  0
 28 60  1  0
 28 61  1  0
 29 62  1  0
 29 63  1  0
 29 64  1  0
 30 65  1  0
 31 66  1  0
 31 67  1  0
 31 68  1  0
 32 69  1  0
 32 70  1  0
 32 71  1  0
M  CHG  1  23   1
M  END
