
     RDKit          3D

 48 51  0  0  0  0  0  0  0  0999 V2000
    7.7735    0.8198    1.8307 C   0  0  0  0  0  0  0  0  0  0  0  0
    6.4826    0.3933    1.1979 C   0  0  0  0  0  0  0  0  0  0  0  0
    5.4532    1.3243    1.0001 C   0  0  0  0  0  0  0  0  0  0  0  0
    4.2513    0.9506    0.3833 C   0  0  0  0  0  0  0  0  0  0  0  0
    4.0610   -0.3617   -0.0467 C   0  0  0  0  0  0  0  0  0  0  0  0
    5.0992   -1.2819    0.1478 C   0  0  0  0  0  0  0  0  0  0  0  0
    6.2999   -0.9189    0.7536 C   0  0  0  0  0  0  0  0  0  0  0  0
    4.9439   -2.5500   -0.2698 F   0  0  0  0  0  0  0  0  0  0  0  0
    2.8925   -0.8383   -0.6815 N   0  0  0  0  0  0  0  0  0  0  0  0
    1.7425   -0.1336   -0.9644 C   0  0  0  0  0  0  0  0  0  0  0  0
    1.5347    1.0431   -0.6844 O   0  0  0  0  0  0  0  0  0  0  0  0
    0.6947   -0.9603   -1.7152 C   0  0  2  0  0  0  0  0  0  0  0  0
    0.5508   -0.4176   -3.1364 C   0  0  0  0  0  0  0  0  0  0  0  0
   -0.5232    0.6389   -3.2935 C   0  0  0  0  0  0  0  0  0  0  0  0
   -0.5385    1.4018   -4.2582 O   0  0  0  0  0  0  0  0  0  0  0  0
   -1.5419    0.6288   -2.3840 N   0  0  0  0  0  0  0  0  0  0  0  0
   -1.6114   -0.1417   -1.2671 C   0  0  0  0  0  0  0  0  0  0  0  0
   -0.5732   -0.9094   -0.9336 C   0  0  0  0  0  0  0  0  0  0  0  0
   -0.6998   -1.6864    0.3008 C   0  0  0  0  0  0  0  0  0  0  0  0
    0.1780   -2.4544    0.6755 O   0  0  0  0  0  0  0  0  0  0  0  0
   -1.8612   -1.5004    0.9891 N   0  0  0  0  0  0  0  0  0  0  0  0
   -2.8778   -0.6809    0.5592 C   0  0  0  0  0  0  0  0  0  0  0  0
   -2.7642   -0.0224   -0.5522 N   0  0  0  0  0  0  0  0  0  0  0  0
   -3.9632   -0.6527    1.3934 N   0  0  0  0  0  0  0  0  0  0  0  0
   -5.1607    0.0958    1.3249 C   0  0  0  0  0  0  0  0  0  0  0  0
   -5.4459    1.0251    0.3129 C   0  0  0  0  0  0  0  0  0  0  0  0
   -6.6548    1.7336    0.2949 C   0  0  0  0  0  0  0  0  0  0  0  0
   -7.6018    1.5202    1.2921 C   0  0  0  0  0  0  0  0  0  0  0  0
   -7.3550    0.6054    2.3112 C   0  0  0  0  0  0  0  0  0  0  0  0
   -6.1471   -0.0975    2.3215 C   0  0  0  0  0  0  0  0  0  0  0  0
   -5.8770   -1.2305    3.6113 Cl  0  0  0  0  0  0  0  0  0  0  0  0
   -9.0822    2.3957    1.2643 Cl  0  0  0  0  0  0  0  0  0  0  0  0
    8.3812    1.3712    1.1051 H   0  0  0  0  0  0  0  0  0  0  0  0
    8.3491   -0.0435    2.1806 H   0  0  0  0  0  0  0  0  0  0  0  0
    7.5822    1.4601    2.6996 H   0  0  0  0  0  0  0  0  0  0  0  0
    5.5781    2.3571    1.3231 H   0  0  0  0  0  0  0  0  0  0  0  0
    3.4883    1.7130    0.2556 H   0  0  0  0  0  0  0  0  0  0  0  0
    7.0830   -1.6660    0.8639 H   0  0  0  0  0  0  0  0  0  0  0  0
    2.9065   -1.8345   -0.8805 H   0  0  0  0  0  0  0  0  0  0  0  0
    1.0355   -1.9998   -1.7938 H   0  0  0  0  0  0  0  0  0  0  0  0
    0.2652   -1.2383   -3.8059 H   0  0  0  0  0  0  0  0  0  0  0  0
    1.4985   -0.0057   -3.5011 H   0  0  0  0  0  0  0  0  0  0  0  0
   -2.3024    1.2761   -2.5432 H   0  0  0  0  0  0  0  0  0  0  0  0
   -1.9416   -2.0234    1.8459 H   0  0  0  0  0  0  0  0  0  0  0  0
   -3.9270   -1.2287    2.2266 H   0  0  0  0  0  0  0  0  0  0  0  0
   -4.7379    1.2318   -0.4845 H   0  0  0  0  0  0  0  0  0  0  0  0
   -6.8435    2.4527   -0.5041 H   0  0  0  0  0  0  0  0  0  0  0  0
   -8.0939    0.4401    3.0904 H   0  0  0  0  0  0  0  0  0  0  0  0
  1  2  1  0
  2  3  2  0
  3  4  1  0
  4  5  2  0
  5  6  1  0
  6  7  2  0
  6  8  1  0
  5  9  1  0
  9 10  1  0
 10 11  2  0
 10 12  1  0
 12 13  1  0
 13 14  1  0
 14 15  2  0
 14 16  1  0
 16 17  1  0
 17 18  2  0
 18 19  1  0
 19 20  2  0
 19 21  1  0
 21 22  1  0
 22 23  2  0
 22 24  1  0
 24 25  1  0
 25 26  2  0
 26 27  1  0
 27 28  2  0
 28 29  1  0
 29 30  2  0
 30 31  1  0
 28 32  1  0
  7  2  1  0
 18 12  1  0
 23 17  1  0
 30 25  1  0
  1 33  1  0
  1 34  1  0
  1 35  1  0
  3 36  1  0
  4 37  1  0
  7 38  1  0
  9 39  1  0
 12 40  1  6
 13 41  1  0
 13 42  1  0
 16 43  1  0
 21 44  1  0
 24 45  1  0
 26 46  1  0
 27 47  1  0
 29 48  1  0
M  END
