
     RDKit          3D

 63 66  0  0  0  0  0  0  0  0999 V2000
   -2.5792   -2.6934   -0.2181 C   0  0  0  0  0  0  0  0  0  0  0  0
   -1.5721   -1.6243    0.2051 C   0  0  0  0  0  0  0  0  0  0  0  0
   -1.9654   -0.1762   -0.1449 C   0  0  2  0  0  0  0  0  0  0  0  0
   -3.3295    0.1996    0.4889 C   0  0  0  0  0  0  0  0  0  0  0  0
   -3.5130    0.3348    1.6915 O   0  0  0  0  0  0  0  0  0  0  0  0
   -4.2457    0.3816   -0.5059 N   0  0  0  0  0  0  0  0  0  0  0  0
   -3.6635    0.2338   -1.7234 C   0  0  0  0  0  0  0  0  0  0  0  0
   -4.1788    0.3247   -2.8241 O   0  0  0  0  0  0  0  0  0  0  0  0
   -2.3248   -0.0421   -1.5419 N   0  0  0  0  0  0  0  0  0  0  0  0
   -5.6374    0.7077   -0.2985 C   0  0  0  0  0  0  0  0  0  0  0  0
   -6.4188   -0.5557   -0.0222 C   0  0  0  0  0  0  0  0  0  0  0  0
   -6.8636   -0.8567    1.2102 C   0  0  0  0  0  0  0  0  0  0  0  0
   -6.7204   -1.4388   -1.2028 C   0  0  0  0  0  0  0  0  0  0  0  0
   -0.9138    0.9081    0.2611 C   0  0  0  0  0  0  0  0  0  0  0  0
    0.2978    0.9847   -0.6891 C   0  0  0  0  0  0  0  0  0  0  0  0
    1.2492    2.1198   -0.3060 C   0  0  0  0  0  0  0  0  0  0  0  0
    1.6894    2.0133    1.1381 N   0  0  0  0  0  4  0  0  0  0  0  0
    0.5095    1.9221    2.0854 C   0  0  0  0  0  0  0  0  0  0  0  0
   -0.3897    0.7577    1.7035 C   0  0  0  0  0  0  0  0  0  0  0  0
    2.7610    0.9435    1.3892 C   0  0  0  0  0  0  0  0  0  0  0  0
    4.1638    1.5412    1.3201 C   0  0  1  0  0  0  0  0  0  0  0  0
    4.5174    2.0803    2.6691 C   0  0  0  0  0  0  0  0  0  0  0  0
    5.3673    1.3495    3.3033 N   0  0  0  0  0  0  0  0  0  0  0  0
    5.7862    0.3031    2.4381 N   0  0  0  0  0  0  0  0  0  0  0  0
    5.1856    0.4376    1.2941 C   0  0  0  0  0  0  0  0  0  0  0  0
    5.4429   -0.4180    0.1166 C   0  0  0  0  0  0  0  0  0  0  0  0
    6.1084   -1.6371    0.3065 C   0  0  0  0  0  0  0  0  0  0  0  0
    6.3803   -2.4643   -0.7865 C   0  0  0  0  0  0  0  0  0  0  0  0
    5.9916   -2.0683   -2.0619 C   0  0  0  0  0  0  0  0  0  0  0  0
    5.3361   -0.8571   -2.2656 C   0  0  0  0  0  0  0  0  0  0  0  0
    5.0596   -0.0250   -1.1750 C   0  0  0  0  0  0  0  0  0  0  0  0
    6.2617   -2.8550   -3.1125 F   0  0  0  0  0  0  0  0  0  0  0  0
   -2.2355   -3.6784    0.1127 H   0  0  0  0  0  0  0  0  0  0  0  0
   -2.6882   -2.7318   -1.3059 H   0  0  0  0  0  0  0  0  0  0  0  0
   -3.5610   -2.5202    0.2313 H   0  0  0  0  0  0  0  0  0  0  0  0
   -0.6112   -1.8663   -0.2692 H   0  0  0  0  0  0  0  0  0  0  0  0
   -1.4301   -1.7254    1.2897 H   0  0  0  0  0  0  0  0  0  0  0  0
   -1.7870   -0.3489   -2.3447 H   0  0  0  0  0  0  0  0  0  0  0  0
   -5.7069    1.4018    0.5467 H   0  0  0  0  0  0  0  0  0  0  0  0
   -6.0378    1.2175   -1.1823 H   0  0  0  0  0  0  0  0  0  0  0  0
   -6.6529   -0.2215    2.0679 H   0  0  0  0  0  0  0  0  0  0  0  0
   -7.4441   -1.7560    1.4030 H   0  0  0  0  0  0  0  0  0  0  0  0
   -7.1971   -0.8639   -2.0028 H   0  0  0  0  0  0  0  0  0  0  0  0
   -5.8015   -1.8848   -1.5944 H   0  0  0  0  0  0  0  0  0  0  0  0
   -7.3971   -2.2572   -0.9375 H   0  0  0  0  0  0  0  0  0  0  0  0
   -1.4178    1.8853    0.1985 H   0  0  0  0  0  0  0  0  0  0  0  0
    0.8292    0.0265   -0.6967 H   0  0  0  0  0  0  0  0  0  0  0  0
   -0.0360    1.1670   -1.7176 H   0  0  0  0  0  0  0  0  0  0  0  0
    0.7535    3.0920   -0.4100 H   0  0  0  0  0  0  0  0  0  0  0  0
    2.1502    2.1231   -0.9279 H   0  0  0  0  0  0  0  0  0  0  0  0
    2.1064    2.9262    1.3652 H   0  0  0  0  0  0  0  0  0  0  0  0
   -0.0239    2.8767    2.0158 H   0  0  0  0  0  0  0  0  0  0  0  0
    0.9044    1.8203    3.1014 H   0  0  0  0  0  0  0  0  0  0  0  0
    0.1683   -0.1787    1.8163 H   0  0  0  0  0  0  0  0  0  0  0  0
   -1.2166    0.7233    2.4175 H   0  0  0  0  0  0  0  0  0  0  0  0
    2.6111    0.1501    0.6471 H   0  0  0  0  0  0  0  0  0  0  0  0
    2.5599    0.5058    2.3772 H   0  0  0  0  0  0  0  0  0  0  0  0
    4.3218    2.2867    0.5387 H   0  0  0  0  0  0  0  0  0  0  0  0
    4.0574    2.9916    3.0761 H   0  0  0  0  0  0  0  0  0  0  0  0
    6.4321   -1.9499    1.3013 H   0  0  0  0  0  0  0  0  0  0  0  0
    6.9049   -3.4067   -0.6498 H   0  0  0  0  0  0  0  0  0  0  0  0
    5.0679   -0.5663   -3.2800 H   0  0  0  0  0  0  0  0  0  0  0  0
    4.5854    0.9308   -1.3722 H   0  0  0  0  0  0  0  0  0  0  0  0
  1  2  1  0
  3  2  1  6
  3  4  1  0
  4  5  2  0
  4  6  1  0
  6  7  1  0
  7  8  2  0
  7  9  1  0
  6 10  1  0
 10 11  1  0
 11 12  2  3
 11 13  1  0
  3 14  1  0
 14 15  1  0
 15 16  1  0
 16 17  1  0
 17 18  1  0
 18 19  1  0
 17 20  1  0
 20 21  1  0
 21 22  1  0
 22 23  2  0
 23 24  1  0
 24 25  2  0
 25 26  1  0
 26 27  2  0
 27 28  1  0
 28 29  2  0
 29 30  1  0
 30 31  2  0
 29 32  1  0
  9  3  1  0
 19 14  1  0
 25 21  1  0
 31 26  1  0
  1 33  1  0
  1 34  1  0
  1 35  1  0
  2 36  1  0
  2 37  1  0
  9 38  1  0
 10 39  1  0
 10 40  1  0
 12 41  1  0
 12 42  1  0
 13 43  1  0
 13 44  1  0
 13 45  1  0
 14 46  1  0
 15 47  1  0
 15 48  1  0
 16 49  1  0
 16 50  1  0
 17 51  1  0
 18 52  1  0
 18 53  1  0
 19 54  1  0
 19 55  1  0
 20 56  1  0
 20 57  1  0
 21 58  1  6
 22 59  1  0
 27 60  1  0
 28 61  1  0
 30 62  1  0
 31 63  1  0
M  CHG  1  17   1
M  END
