
     RDKit          3D

 56 58  0  0  0  0  0  0  0  0999 V2000
   -1.7785    4.2964   -1.3620 C   0  0  0  0  0  0  0  0  0  0  0  0
   -1.3209    2.9473   -0.8301 C   0  0  0  0  0  0  0  0  0  0  0  0
   -1.3301    2.9202    0.7000 C   0  0  0  0  0  0  0  0  0  0  0  0
   -0.7984    1.6038    1.2814 C   0  0  0  0  0  0  0  0  0  0  0  0
   -1.7200    0.4242    1.0421 C   0  0  0  0  0  0  0  0  0  0  0  0
   -2.8652    0.3291    1.8243 C   0  0  0  0  0  0  0  0  0  0  0  0
   -3.7495   -0.6561    1.6293 N   0  0  0  0  0  4  0  0  0  0  0  0
   -3.6197   -1.6063    0.6815 C   0  0  0  0  0  0  0  0  0  0  0  0
   -2.4872   -1.5612   -0.1332 C   0  0  0  0  0  0  0  0  0  0  0  0
   -1.5106   -0.5525    0.0488 C   0  0  0  0  0  0  0  0  0  0  0  0
   -0.3078   -0.5454   -0.7110 N   0  0  0  0  0  0  0  0  0  0  0  0
    0.8701   -0.7023    0.0397 O   0  0  0  0  0  0  0  0  0  0  0  0
    1.9546   -0.1799   -0.7274 C   0  0  0  0  0  0  0  0  0  0  0  0
    3.1030    0.2177    0.2036 C   0  0  0  0  0  0  0  0  0  0  0  0
    2.9428    0.3461    1.4140 O   0  0  0  0  0  0  0  0  0  0  0  0
    4.2864    0.4309   -0.4847 N   0  0  0  0  0  0  0  0  0  0  0  0
    5.5402    0.8013    0.0493 C   0  0  0  0  0  0  0  0  0  0  0  0
    5.8001    0.9855    1.4082 C   0  0  0  0  0  0  0  0  0  0  0  0
    7.0838    1.3501    1.8307 C   0  0  0  0  0  0  0  0  0  0  0  0
    8.1005    1.5291    0.8971 C   0  0  0  0  0  0  0  0  0  0  0  0
    7.8649    1.3510   -0.4574 C   0  0  0  0  0  0  0  0  0  0  0  0
    6.5883    0.9885   -0.8666 C   0  0  0  0  0  0  0  0  0  0  0  0
    6.3496    0.8146   -2.1775 F   0  0  0  0  0  0  0  0  0  0  0  0
    9.3238    1.8781    1.3141 F   0  0  0  0  0  0  0  0  0  0  0  0
   -2.3475   -2.5951   -1.1722 C   0  0  0  0  0  0  0  0  0  0  0  0
   -1.4210   -2.5029   -1.9735 O   0  0  0  0  0  0  0  0  0  0  0  0
   -3.2934   -3.6039   -1.1953 N   0  0  0  0  0  0  0  0  0  0  0  0
   -4.4521   -3.6207   -0.4380 C   0  0  0  0  0  0  0  0  0  0  0  0
   -5.3213   -4.4757   -0.5951 O   0  0  0  0  0  0  0  0  0  0  0  0
   -4.5927   -2.6139    0.5069 N   0  0  0  0  0  0  0  0  0  0  0  0
   -5.7909   -2.6141    1.3369 C   0  0  0  0  0  0  0  0  0  0  0  0
   -3.1484   -4.6523   -2.1969 C   0  0  0  0  0  0  0  0  0  0  0  0
   -1.1197    5.0994   -1.0153 H   0  0  0  0  0  0  0  0  0  0  0  0
   -1.7664    4.2961   -2.4565 H   0  0  0  0  0  0  0  0  0  0  0  0
   -2.7984    4.5213   -1.0334 H   0  0  0  0  0  0  0  0  0  0  0  0
   -1.9822    2.1706   -1.2295 H   0  0  0  0  0  0  0  0  0  0  0  0
   -0.3111    2.7399   -1.2010 H   0  0  0  0  0  0  0  0  0  0  0  0
   -2.3449    3.1177    1.0666 H   0  0  0  0  0  0  0  0  0  0  0  0
   -0.6972    3.7361    1.0720 H   0  0  0  0  0  0  0  0  0  0  0  0
   -0.6788    1.7225    2.3672 H   0  0  0  0  0  0  0  0  0  0  0  0
    0.2118    1.4292    0.9073 H   0  0  0  0  0  0  0  0  0  0  0  0
   -3.1003    1.0367    2.6151 H   0  0  0  0  0  0  0  0  0  0  0  0
   -4.5638   -0.6775    2.2382 H   0  0  0  0  0  0  0  0  0  0  0  0
   -0.3474   -1.2627   -1.4583 H   0  0  0  0  0  0  0  0  0  0  0  0
    2.2946   -0.9526   -1.4247 H   0  0  0  0  0  0  0  0  0  0  0  0
    1.6518    0.7176   -1.2808 H   0  0  0  0  0  0  0  0  0  0  0  0
    4.2796    0.3239   -1.4953 H   0  0  0  0  0  0  0  0  0  0  0  0
    5.0341    0.8514    2.1656 H   0  0  0  0  0  0  0  0  0  0  0  0
    7.2960    1.4943    2.8868 H   0  0  0  0  0  0  0  0  0  0  0  0
    8.6607    1.4919   -1.1789 H   0  0  0  0  0  0  0  0  0  0  0  0
   -5.4985   -2.7238    2.3859 H   0  0  0  0  0  0  0  0  0  0  0  0
   -6.4763   -3.4287    1.0894 H   0  0  0  0  0  0  0  0  0  0  0  0
   -6.3237   -1.6683    1.1956 H   0  0  0  0  0  0  0  0  0  0  0  0
   -3.8188   -4.4274   -3.0326 H   0  0  0  0  0  0  0  0  0  0  0  0
   -2.1217   -4.7199   -2.5676 H   0  0  0  0  0  0  0  0  0  0  0  0
   -3.4325   -5.6193   -1.7700 H   0  0  0  0  0  0  0  0  0  0  0  0
  1  2  1  0
  2  3  1  0
  3  4  1  0
  4  5  1  0
  5  6  2  0
  6  7  1  0
  7  8  2  0
  8  9  1  0
  9 10  2  0
 10 11  1  0
 11 12  1  0
 12 13  1  0
 13 14  1  0
 14 15  2  0
 14 16  1  0
 16 17  1  0
 17 18  2  0
 18 19  1  0
 19 20  2  0
 20 21  1  0
 21 22  2  0
 22 23  1  0
 20 24  1  0
  9 25  1  0
 25 26  2  0
 25 27  1  0
 27 28  1  0
 28 29  2  0
 28 30  1  0
 30 31  1  0
 27 32  1  0
 10  5  1  0
 30  8  1  0
 22 17  1  0
  1 33  1  0
  1 34  1  0
  1 35  1  0
  2 36  1  0
  2 37  1  0
  3 38  1  0
  3 39  1  0
  4 40  1  0
  4 41  1  0
  6 42  1  0
  7 43  1  0
 11 44  1  0
 13 45  1  0
 13 46  1  0
 16 47  1  0
 18 48  1  0
 19 49  1  0
 21 50  1  0
 31 51  1  0
 31 52  1  0
 31 53  1  0
 32 54  1  0
 32 55  1  0
 32 56  1  0
M  CHG  1   7   1
M  END
