
     RDKit          3D

 59 61  0  0  0  0  0  0  0  0999 V2000
   -1.7526   -1.2865    2.1833 C   0  0  0  0  0  0  0  0  0  0  0  0
   -2.2765    0.1374    2.3344 C   0  0  0  0  0  0  0  0  0  0  0  0
   -3.5740    0.3507    1.5767 C   0  0  0  0  0  0  0  0  0  0  0  0
   -4.7616    0.2329    2.3143 C   0  0  0  0  0  0  0  0  0  0  0  0
   -5.9998    0.3892    1.6978 C   0  0  0  0  0  0  0  0  0  0  0  0
   -6.0637    0.6422    0.3310 C   0  0  0  0  0  0  0  0  0  0  0  0
   -4.8929    0.7695   -0.4486 C   0  0  0  0  0  0  0  0  0  0  0  0
   -3.6327    0.6586    0.1901 C   0  0  0  0  0  0  0  0  0  0  0  0
   -2.4073    0.7626   -0.5100 N   0  0  0  0  0  0  0  0  0  0  0  0
   -2.0774    1.7341   -1.4292 C   0  0  0  0  0  0  0  0  0  0  0  0
   -2.7825    2.7060   -1.7037 O   0  0  0  0  0  0  0  0  0  0  0  0
   -0.7159    1.6068   -2.1035 C   0  0  0  0  0  0  0  0  0  0  0  0
    0.1000   -0.0071   -1.9610 S   0  0  0  0  0  0  0  0  0  0  0  0
    0.9523    0.2020   -0.4715 C   0  0  0  0  0  0  0  0  0  0  0  0
    0.5494    1.0017    0.4871 N   0  0  0  0  0  0  0  0  0  0  0  0
    1.4870    0.9505    1.4842 N   0  0  0  0  0  0  0  0  0  0  0  0
    2.4287    0.0970    1.1254 C   0  0  0  0  0  0  0  0  0  0  0  0
    2.1455   -0.3910   -0.1372 N   0  0  0  0  0  0  0  0  0  0  0  0
    2.9735   -1.2440   -1.0007 C   0  0  1  0  0  0  0  0  0  0  0  0
    4.2079   -0.4671   -1.5525 C   0  0  0  0  0  0  0  0  0  0  0  0
    5.5637   -0.8863   -0.9762 C   0  0  0  0  0  0  0  0  0  0  0  0
    4.2790   -0.5650   -3.0857 C   0  0  0  0  0  0  0  0  0  0  0  0
    3.0679   -2.6716   -0.4485 C   0  0  0  0  0  0  0  0  0  0  0  0
    4.0347   -3.3681   -0.8917 O   0  0  0  0  0  0  0  0  0  0  0  0
    2.1501   -3.0283    0.3515 O   0  0  0  0  0  1  0  0  0  0  0  0
    3.5763   -0.1694    1.9338 C   0  0  0  0  0  0  0  0  0  0  0  0
    3.9497   -1.3601    2.5174 C   0  0  0  0  0  0  0  0  0  0  0  0
    5.1673   -1.2476    3.2518 C   0  0  0  0  0  0  0  0  0  0  0  0
    5.6745    0.0308    3.2113 C   0  0  0  0  0  0  0  0  0  0  0  0
    4.6688    1.0921    2.3284 S   0  0  0  0  0  0  0  0  0  0  0  0
   -5.0905    0.8557   -1.9508 C   0  0  0  0  0  0  0  0  0  0  0  0
   -5.8015    2.1184   -2.4077 C   0  0  0  0  0  0  0  0  0  0  0  0
   -0.8198   -1.4068    2.7404 H   0  0  0  0  0  0  0  0  0  0  0  0
   -1.5574   -1.5457    1.1372 H   0  0  0  0  0  0  0  0  0  0  0  0
   -2.4768   -2.0083    2.5723 H   0  0  0  0  0  0  0  0  0  0  0  0
   -1.5252    0.8695    2.0197 H   0  0  0  0  0  0  0  0  0  0  0  0
   -2.4355    0.3455    3.4005 H   0  0  0  0  0  0  0  0  0  0  0  0
   -4.7242    0.0107    3.3796 H   0  0  0  0  0  0  0  0  0  0  0  0
   -6.9135    0.2811    2.2760 H   0  0  0  0  0  0  0  0  0  0  0  0
   -7.0454    0.6995   -0.1463 H   0  0  0  0  0  0  0  0  0  0  0  0
   -1.5981    0.3654   -0.0515 H   0  0  0  0  0  0  0  0  0  0  0  0
   -0.0628    2.4106   -1.7400 H   0  0  0  0  0  0  0  0  0  0  0  0
   -0.8790    1.7736   -3.1764 H   0  0  0  0  0  0  0  0  0  0  0  0
    2.3397   -1.4345   -1.8763 H   0  0  0  0  0  0  0  0  0  0  0  0
    4.0816    0.6004   -1.3231 H   0  0  0  0  0  0  0  0  0  0  0  0
    5.5378   -0.9968    0.1076 H   0  0  0  0  0  0  0  0  0  0  0  0
    6.3234   -0.1320   -1.2116 H   0  0  0  0  0  0  0  0  0  0  0  0
    5.9176   -1.8307   -1.4020 H   0  0  0  0  0  0  0  0  0  0  0  0
    5.1322    0.0041   -3.4721 H   0  0  0  0  0  0  0  0  0  0  0  0
    3.3720   -0.1525   -3.5472 H   0  0  0  0  0  0  0  0  0  0  0  0
    4.3880   -1.6049   -3.4128 H   0  0  0  0  0  0  0  0  0  0  0  0
    3.3806   -2.2813    2.4156 H   0  0  0  0  0  0  0  0  0  0  0  0
    5.6413   -2.0733    3.7612 H   0  0  0  0  0  0  0  0  0  0  0  0
    6.5804    0.4000    3.6626 H   0  0  0  0  0  0  0  0  0  0  0  0
   -4.1539    0.7419   -2.4968 H   0  0  0  0  0  0  0  0  0  0  0  0
   -5.6818   -0.0117   -2.2575 H   0  0  0  0  0  0  0  0  0  0  0  0
   -5.8870    2.1277   -3.5003 H   0  0  0  0  0  0  0  0  0  0  0  0
   -6.8124    2.1846   -1.9987 H   0  0  0  0  0  0  0  0  0  0  0  0
   -5.2687    3.0180   -2.1003 H   0  0  0  0  0  0  0  0  0  0  0  0
  1  2  1  0
  2  3  1  0
  3  4  2  0
  4  5  1  0
  5  6  2  0
  6  7  1  0
  7  8  2  0
  8  9  1  0
  9 10  1  0
 10 11  2  0
 10 12  1  0
 12 13  1  0
 13 14  1  0
 14 15  2  0
 15 16  1  0
 16 17  2  0
 17 18  1  0
 18 19  1  0
 19 20  1  0
 20 21  1  0
 20 22  1  0
 19 23  1  0
 23 24  2  0
 23 25  1  0
 17 26  1  0
 26 27  2  0
 27 28  1  0
 28 29  2  0
 29 30  1  0
  7 31  1  0
 31 32  1  0
  8  3  1  0
 18 14  1  0
 30 26  1  0
  1 33  1  0
  1 34  1  0
  1 35  1  0
  2 36  1  0
  2 37  1  0
  4 38  1  0
  5 39  1  0
  6 40  1  0
  9 41  1  0
 12 42  1  0
 12 43  1  0
 19 44  1  6
 20 45  1  0
 21 46  1  0
 21 47  1  0
 21 48  1  0
 22 49  1  0
 22 50  1  0
 22 51  1  0
 27 52  1  0
 28 53  1  0
 29 54  1  0
 31 55  1  0
 31 56  1  0
 32 57  1  0
 32 58  1  0
 32 59  1  0
M  CHG  1  25  -1
M  END
