
     RDKit          3D

 59 61  0  0  0  0  0  0  0  0999 V2000
   -4.3742    2.2018    1.6726 C   0  0  0  0  0  0  0  0  0  0  0  0
   -4.3262    3.2922    0.6133 C   0  0  0  0  0  0  0  0  0  0  0  0
   -4.4231    2.7654   -0.8205 C   0  0  0  0  0  0  0  0  0  0  0  0
   -3.0940    2.3247   -1.4567 C   0  0  0  0  0  0  0  0  0  0  0  0
   -2.5109    1.1106   -0.8750 N   0  0  0  0  0  0  0  0  0  0  0  0
   -3.1543   -0.0827   -1.2176 C   0  0  0  0  0  0  0  0  0  0  0  0
   -4.1323   -0.1398   -1.9625 O   0  0  0  0  0  0  0  0  0  0  0  0
   -2.6064   -1.3248   -0.6518 C   0  0  0  0  0  0  0  0  0  0  0  0
   -3.1913   -2.5633   -0.9307 C   0  0  0  0  0  0  0  0  0  0  0  0
   -2.6328   -3.7206   -0.3905 C   0  0  0  0  0  0  0  0  0  0  0  0
   -1.4939   -3.6534    0.4291 C   0  0  0  0  0  0  0  0  0  0  0  0
   -0.9366   -2.3892    0.7008 C   0  0  0  0  0  0  0  0  0  0  0  0
   -1.4832   -1.2225    0.1606 C   0  0  0  0  0  0  0  0  0  0  0  0
   -0.8759    0.0078    0.4328 N   0  0  0  0  0  0  0  0  0  0  0  0
   -1.3773    1.0811   -0.0733 C   0  0  0  0  0  0  0  0  0  0  0  0
   -0.5643    2.5989    0.2685 S   0  0  0  0  0  0  0  0  0  0  0  0
    0.5932    2.1408    1.5885 C   0  0  0  0  0  0  0  0  0  0  0  0
    1.7022    1.1745    1.1818 C   0  0  0  0  0  0  0  0  0  0  0  0
    2.0187    0.2711    1.9606 O   0  0  0  0  0  0  0  0  0  0  0  0
    2.3926    1.3715   -0.0165 N   0  0  0  0  0  0  0  0  0  0  0  0
    2.6421    2.7219   -0.5180 C   0  0  0  0  0  0  0  0  0  0  0  0
    3.2205    0.2389   -0.5809 C   0  0  0  0  0  0  0  0  0  0  0  0
    4.4830   -0.0059    0.3009 C   0  0  0  0  0  0  0  0  0  0  0  0
    4.7680   -1.4846    0.5807 C   0  0  0  0  0  0  0  0  0  0  0  0
    4.5832   -2.3409   -0.6635 C   0  0  0  0  0  0  0  0  0  0  0  0
    3.1594   -2.2713   -1.2137 C   0  0  0  0  0  0  0  0  0  0  0  0
    2.3672   -1.0533   -0.7236 C   0  0  0  0  0  0  0  0  0  0  0  0
    3.6914    0.5773   -1.9690 C   0  0  0  0  0  0  0  0  0  0  0  0
    4.0672    0.8774   -3.0277 N   0  0  0  0  0  0  0  0  0  0  0  0
   -0.8759   -4.9157    0.9970 C   0  0  0  0  0  0  0  0  0  0  0  0
   -1.4827   -6.0078    0.7629 O   0  0  0  0  0  0  0  0  0  0  0  0
    0.2021   -4.7875    1.6558 O   0  0  0  0  0  1  0  0  0  0  0  0
   -4.3994    2.6521    2.6704 H   0  0  0  0  0  0  0  0  0  0  0  0
   -3.5032    1.5461    1.6313 H   0  0  0  0  0  0  0  0  0  0  0  0
   -5.2723    1.5858    1.5602 H   0  0  0  0  0  0  0  0  0  0  0  0
   -5.1832    3.9549    0.7881 H   0  0  0  0  0  0  0  0  0  0  0  0
   -3.4298    3.9077    0.7415 H   0  0  0  0  0  0  0  0  0  0  0  0
   -5.1690    1.9644   -0.8731 H   0  0  0  0  0  0  0  0  0  0  0  0
   -4.8122    3.5825   -1.4425 H   0  0  0  0  0  0  0  0  0  0  0  0
   -2.3943    3.1631   -1.4538 H   0  0  0  0  0  0  0  0  0  0  0  0
   -3.2843    2.1167   -2.5183 H   0  0  0  0  0  0  0  0  0  0  0  0
   -4.0689   -2.6352   -1.5665 H   0  0  0  0  0  0  0  0  0  0  0  0
   -3.0749   -4.6930   -0.6059 H   0  0  0  0  0  0  0  0  0  0  0  0
   -0.0559   -2.3271    1.3398 H   0  0  0  0  0  0  0  0  0  0  0  0
    1.0570    3.0472    1.9903 H   0  0  0  0  0  0  0  0  0  0  0  0
    0.0203    1.6894    2.4062 H   0  0  0  0  0  0  0  0  0  0  0  0
    2.2132    2.8202   -1.5190 H   0  0  0  0  0  0  0  0  0  0  0  0
    3.7225    2.8957   -0.5532 H   0  0  0  0  0  0  0  0  0  0  0  0
    2.2229    3.4925    0.1305 H   0  0  0  0  0  0  0  0  0  0  0  0
    5.3699    0.4338   -0.1767 H   0  0  0  0  0  0  0  0  0  0  0  0
    4.4081    0.5098    1.2657 H   0  0  0  0  0  0  0  0  0  0  0  0
    5.7918   -1.5911    0.9572 H   0  0  0  0  0  0  0  0  0  0  0  0
    4.1041   -1.8442    1.3768 H   0  0  0  0  0  0  0  0  0  0  0  0
    4.8407   -3.3835   -0.4440 H   0  0  0  0  0  0  0  0  0  0  0  0
    5.2873   -2.0080   -1.4365 H   0  0  0  0  0  0  0  0  0  0  0  0
    3.1979   -2.2814   -2.3099 H   0  0  0  0  0  0  0  0  0  0  0  0
    2.6117   -3.1782   -0.9278 H   0  0  0  0  0  0  0  0  0  0  0  0
    1.9272   -1.3306    0.2387 H   0  0  0  0  0  0  0  0  0  0  0  0
    1.5170   -0.8821   -1.3976 H   0  0  0  0  0  0  0  0  0  0  0  0
  1  2  1  0
  2  3  1  0
  3  4  1  0
  4  5  1  0
  5  6  1  0
  6  7  2  0
  6  8  1  0
  8  9  2  0
  9 10  1  0
 10 11  2  0
 11 12  1  0
 12 13  2  0
 13 14  1  0
 14 15  2  0
 15 16  1  0
 16 17  1  0
 17 18  1  0
 18 19  2  0
 18 20  1  0
 20 21  1  0
 20 22  1  0
 22 23  1  0
 23 24  1  0
 24 25  1  0
 25 26  1  0
 26 27  1  0
 22 28  1  0
 28 29  3  0
 11 30  1  0
 30 31  2  0
 30 32  1  0
 15  5  1  0
 13  8  1  0
 27 22  1  0
  1 33  1  0
  1 34  1  0
  1 35  1  0
  2 36  1  0
  2 37  1  0
  3 38  1  0
  3 39  1  0
  4 40  1  0
  4 41  1  0
  9 42  1  0
 10 43  1  0
 12 44  1  0
 17 45  1  0
 17 46  1  0
 21 47  1  0
 21 48  1  0
 21 49  1  0
 23 50  1  0
 23 51  1  0
 24 52  1  0
 24 53  1  0
 25 54  1  0
 25 55  1  0
 26 56  1  0
 26 57  1  0
 27 58  1  0
 27 59  1  0
M  CHG  1  32  -1
M  END
