
     RDKit          3D

 53 56  0  0  0  0  0  0  0  0999 V2000
    5.0670   -3.2583   -3.2820 C   0  0  0  0  0  0  0  0  0  0  0  0
    4.7382   -3.7891   -1.9120 C   0  0  0  0  0  0  0  0  0  0  0  0
    4.9306   -4.9689   -1.6226 O   0  0  0  0  0  0  0  0  0  0  0  0
    4.1512   -2.8629   -0.8989 C   0  0  0  0  0  0  0  0  0  0  0  0
    3.8189   -3.3742    0.3612 C   0  0  0  0  0  0  0  0  0  0  0  0
    3.2530   -2.5457    1.3365 C   0  0  0  0  0  0  0  0  0  0  0  0
    3.0088   -1.1946    1.0693 C   0  0  0  0  0  0  0  0  0  0  0  0
    3.3477   -0.6846   -0.1863 C   0  0  0  0  0  0  0  0  0  0  0  0
    3.9128   -1.5122   -1.1671 C   0  0  0  0  0  0  0  0  0  0  0  0
    2.4188   -0.4330    2.0971 N   0  0  0  0  0  0  0  0  0  0  0  0
    2.0323    0.8990    2.0477 C   0  0  0  0  0  0  0  0  0  0  0  0
    2.1891    1.6644    1.1005 O   0  0  0  0  0  0  0  0  0  0  0  0
    1.3558    1.3715    3.3267 C   0  0  0  0  0  0  0  0  0  0  0  0
   -0.1657    0.4167    3.6526 S   0  0  0  0  0  0  0  0  0  0  0  0
   -1.0605    0.7746    2.1790 C   0  0  0  0  0  0  0  0  0  0  0  0
   -1.8269    1.8875    2.0651 C   0  0  0  0  0  0  0  0  0  0  0  0
   -2.5873    2.1816    0.7612 C   0  0  1  0  0  0  0  0  0  0  0  0
   -2.1545    1.2757   -0.3818 C   0  0  0  0  0  0  0  0  0  0  0  0
   -1.3915    0.1859   -0.1702 C   0  0  0  0  0  0  0  0  0  0  0  0
   -0.9521   -0.0955    1.1068 N   0  0  0  0  0  0  0  0  0  0  0  0
   -0.9367   -0.7350   -1.2752 C   0  0  0  0  0  0  0  0  0  0  0  0
   -0.9879   -0.0687   -2.6459 C   0  0  0  0  0  0  0  0  0  0  0  0
   -2.3189    0.6314   -2.8649 C   0  0  0  0  0  0  0  0  0  0  0  0
   -2.5750    1.6343   -1.7631 C   0  0  0  0  0  0  0  0  0  0  0  0
   -3.1353    2.7047   -1.9897 O   0  0  0  0  0  0  0  0  0  0  0  0
   -4.0833    2.1770    0.9653 C   0  0  0  0  0  0  0  0  0  0  0  0
   -5.0772    3.0934    0.6815 C   0  0  0  0  0  0  0  0  0  0  0  0
   -6.2924    2.5133    1.1174 C   0  0  0  0  0  0  0  0  0  0  0  0
   -5.9659    1.2818    1.6351 C   0  0  0  0  0  0  0  0  0  0  0  0
   -4.6280    1.0657    1.5450 O   0  0  0  0  0  0  0  0  0  0  0  0
   -1.9561    2.8506    3.1098 C   0  0  0  0  0  0  0  0  0  0  0  0
   -2.0342    3.6583    3.9394 N   0  0  0  0  0  0  0  0  0  0  0  0
    5.5086   -4.0609   -3.8812 H   0  0  0  0  0  0  0  0  0  0  0  0
    5.7978   -2.4486   -3.2146 H   0  0  0  0  0  0  0  0  0  0  0  0
    4.1562   -2.9216   -3.7829 H   0  0  0  0  0  0  0  0  0  0  0  0
    3.9963   -4.4244    0.5913 H   0  0  0  0  0  0  0  0  0  0  0  0
    3.0033   -2.9825    2.3023 H   0  0  0  0  0  0  0  0  0  0  0  0
    3.1864    0.3585   -0.4423 H   0  0  0  0  0  0  0  0  0  0  0  0
    4.1555   -1.0685   -2.1292 H   0  0  0  0  0  0  0  0  0  0  0  0
    2.2075   -0.9258    2.9592 H   0  0  0  0  0  0  0  0  0  0  0  0
    1.1219    2.4372    3.2425 H   0  0  0  0  0  0  0  0  0  0  0  0
    2.0487    1.2439    4.1642 H   0  0  0  0  0  0  0  0  0  0  0  0
   -2.2971    3.2034    0.4707 H   0  0  0  0  0  0  0  0  0  0  0  0
   -0.2950   -0.8613    1.2263 H   0  0  0  0  0  0  0  0  0  0  0  0
    0.0919   -1.0693   -1.0912 H   0  0  0  0  0  0  0  0  0  0  0  0
   -1.5719   -1.6292   -1.2698 H   0  0  0  0  0  0  0  0  0  0  0  0
   -0.8201   -0.8146   -3.4302 H   0  0  0  0  0  0  0  0  0  0  0  0
   -0.1742    0.6639   -2.7209 H   0  0  0  0  0  0  0  0  0  0  0  0
   -3.1498   -0.0830   -2.8802 H   0  0  0  0  0  0  0  0  0  0  0  0
   -2.2984    1.1599   -3.8244 H   0  0  0  0  0  0  0  0  0  0  0  0
   -4.9372    4.0574    0.2094 H   0  0  0  0  0  0  0  0  0  0  0  0
   -7.2850    2.9381    1.0594 H   0  0  0  0  0  0  0  0  0  0  0  0
   -6.5405    0.4824    2.0837 H   0  0  0  0  0  0  0  0  0  0  0  0
  1  2  1  0
  2  3  2  0
  2  4  1  0
  4  5  2  0
  5  6  1  0
  6  7  2  0
  7  8  1  0
  8  9  2  0
  7 10  1  0
 10 11  1  0
 11 12  2  0
 11 13  1  0
 13 14  1  0
 14 15  1  0
 15 16  2  0
 16 17  1  0
 17 18  1  0
 18 19  2  0
 19 20  1  0
 19 21  1  0
 21 22  1  0
 22 23  1  0
 23 24  1  0
 24 25  2  0
 17 26  1  0
 26 27  2  0
 27 28  1  0
 28 29  2  0
 29 30  1  0
 16 31  1  0
 31 32  3  0
  9  4  1  0
 20 15  1  0
 24 18  1  0
 30 26  1  0
  1 33  1  0
  1 34  1  0
  1 35  1  0
  5 36  1  0
  6 37  1  0
  8 38  1  0
  9 39  1  0
 10 40  1  0
 13 41  1  0
 13 42  1  0
 17 43  1  6
 20 44  1  0
 21 45  1  0
 21 46  1  0
 22 47  1  0
 22 48  1  0
 23 49  1  0
 23 50  1  0
 27 51  1  0
 28 52  1  0
 29 53  1  0
M  END
