
     RDKit          3D

 63 66  0  0  0  0  0  0  0  0999 V2000
   -7.1912    0.2262    1.5795 C   0  0  0  0  0  0  0  0  0  0  0  0
   -6.1992   -0.2394    0.5249 C   0  0  0  0  0  0  0  0  0  0  0  0
   -5.1104   -0.8920    1.1937 O   0  0  0  0  0  0  0  0  0  0  0  0
   -4.4487   -1.7287    0.3349 C   0  0  0  0  0  0  0  0  0  0  0  0
   -4.9429   -3.0257    0.1693 C   0  0  0  0  0  0  0  0  0  0  0  0
   -4.2702   -3.9297   -0.6524 C   0  0  0  0  0  0  0  0  0  0  0  0
   -3.1042   -3.5351   -1.3059 C   0  0  0  0  0  0  0  0  0  0  0  0
   -2.6033   -2.2424   -1.1261 C   0  0  0  0  0  0  0  0  0  0  0  0
   -3.2575   -1.3241   -0.2833 C   0  0  0  0  0  0  0  0  0  0  0  0
   -2.6960    0.0570   -0.0897 C   0  0  0  0  0  0  0  0  0  0  0  0
   -1.3008    0.0147    0.3098 N   0  0  0  0  0  0  0  0  0  0  0  0
   -0.5449    1.1589    0.3140 C   0  0  0  0  0  0  0  0  0  0  0  0
   -0.9671    2.2500   -0.0584 O   0  0  0  0  0  0  0  0  0  0  0  0
    0.8470    1.0015    0.8968 C   0  0  1  0  0  0  0  0  0  0  0  0
    1.6325   -0.1965    0.3632 C   0  0  0  0  0  0  0  0  0  0  0  0
    3.0277    0.1833    0.5762 N   0  0  0  0  0  0  0  0  0  0  0  0
    3.1378    1.5399    1.0780 C   0  0  0  0  0  0  0  0  0  0  0  0
    1.8137    2.2070    0.6497 C   0  0  0  0  0  0  0  0  0  0  0  0
    1.4650    3.4146    1.5529 C   0  0  0  0  0  0  0  0  0  0  0  0
    1.3777    4.7316    0.7948 C   0  0  0  0  0  0  0  0  0  0  0  0
    2.6095    4.8868   -0.0300 N   0  0  0  0  0  4  0  0  0  0  0  0
    2.8146    3.8437   -1.0786 C   0  0  0  0  0  0  0  0  0  0  0  0
    1.9215    2.6279   -0.8471 C   0  0  0  0  0  0  0  0  0  0  0  0
    4.1261   -0.6564    0.6267 C   0  0  0  0  0  0  0  0  0  0  0  0
    5.2224   -0.2784    1.0286 O   0  0  0  0  0  0  0  0  0  0  0  0
    3.9622   -2.0593    0.1957 C   0  0  0  0  0  0  0  0  0  0  0  0
    3.5565   -2.3638   -1.1071 C   0  0  0  0  0  0  0  0  0  0  0  0
    3.4154   -3.6972   -1.4924 C   0  0  0  0  0  0  0  0  0  0  0  0
    3.6872   -4.7174   -0.5793 C   0  0  0  0  0  0  0  0  0  0  0  0
    4.1257   -4.4024    0.7079 C   0  0  0  0  0  0  0  0  0  0  0  0
    4.2808   -3.0761    1.1000 C   0  0  0  0  0  0  0  0  0  0  0  0
    4.4961   -5.7880    1.9360 Br  0  0  0  0  0  0  0  0  0  0  0  0
   -8.0145    0.7826    1.1201 H   0  0  0  0  0  0  0  0  0  0  0  0
   -6.7021    0.8684    2.3251 H   0  0  0  0  0  0  0  0  0  0  0  0
   -7.6025   -0.6346    2.1216 H   0  0  0  0  0  0  0  0  0  0  0  0
   -6.7118   -0.9073   -0.1827 H   0  0  0  0  0  0  0  0  0  0  0  0
   -5.8067    0.6270   -0.0211 H   0  0  0  0  0  0  0  0  0  0  0  0
   -5.8477   -3.3354    0.6879 H   0  0  0  0  0  0  0  0  0  0  0  0
   -4.6569   -4.9381   -0.7835 H   0  0  0  0  0  0  0  0  0  0  0  0
   -2.5869   -4.2344   -1.9589 H   0  0  0  0  0  0  0  0  0  0  0  0
   -1.6947   -1.9537   -1.6513 H   0  0  0  0  0  0  0  0  0  0  0  0
   -3.2250    0.6114    0.6923 H   0  0  0  0  0  0  0  0  0  0  0  0
   -2.7906    0.6289   -1.0194 H   0  0  0  0  0  0  0  0  0  0  0  0
   -1.0572   -0.7396    0.9398 H   0  0  0  0  0  0  0  0  0  0  0  0
    0.7165    0.8760    1.9827 H   0  0  0  0  0  0  0  0  0  0  0  0
    1.3999   -1.1197    0.9037 H   0  0  0  0  0  0  0  0  0  0  0  0
    1.4695   -0.3629   -0.7068 H   0  0  0  0  0  0  0  0  0  0  0  0
    4.0355    2.0287    0.6883 H   0  0  0  0  0  0  0  0  0  0  0  0
    3.2340    1.4755    2.1691 H   0  0  0  0  0  0  0  0  0  0  0  0
    0.5094    3.2589    2.0671 H   0  0  0  0  0  0  0  0  0  0  0  0
    2.2134    3.5210    2.3494 H   0  0  0  0  0  0  0  0  0  0  0  0
    0.5136    4.7807    0.1244 H   0  0  0  0  0  0  0  0  0  0  0  0
    1.3419    5.5814    1.4828 H   0  0  0  0  0  0  0  0  0  0  0  0
    3.4319    4.9166    0.5910 H   0  0  0  0  0  0  0  0  0  0  0  0
    2.5889    5.8118   -0.4846 H   0  0  0  0  0  0  0  0  0  0  0  0
    3.8771    3.5812   -1.0597 H   0  0  0  0  0  0  0  0  0  0  0  0
    2.5918    4.3105   -2.0440 H   0  0  0  0  0  0  0  0  0  0  0  0
    2.2884    1.8062   -1.4744 H   0  0  0  0  0  0  0  0  0  0  0  0
    0.9331    2.8721   -1.2497 H   0  0  0  0  0  0  0  0  0  0  0  0
    3.3639   -1.5714   -1.8246 H   0  0  0  0  0  0  0  0  0  0  0  0
    3.1021   -3.9486   -2.5043 H   0  0  0  0  0  0  0  0  0  0  0  0
    3.5733   -5.7552   -0.8851 H   0  0  0  0  0  0  0  0  0  0  0  0
    4.6291   -2.8284    2.0986 H   0  0  0  0  0  0  0  0  0  0  0  0
  1  2  1  0
  2  3  1  0
  3  4  1  0
  4  5  2  0
  5  6  1  0
  6  7  2  0
  7  8  1  0
  8  9  2  0
  9 10  1  0
 10 11  1  0
 11 12  1  0
 12 13  2  0
 12 14  1  0
 14 15  1  0
 15 16  1  0
 16 17  1  0
 17 18  1  0
 18 19  1  0
 19 20  1  0
 20 21  1  0
 21 22  1  0
 22 23  1  0
 16 24  1  0
 24 25  2  0
 24 26  1  0
 26 27  2  0
 27 28  1  0
 28 29  2  0
 29 30  1  0
 30 31  2  0
 30 32  1  0
  9  4  1  0
 18 14  1  0
 23 18  1  0
 31 26  1  0
  1 33  1  0
  1 34  1  0
  1 35  1  0
  2 36  1  0
  2 37  1  0
  5 38  1  0
  6 39  1  0
  7 40  1  0
  8 41  1  0
 10 42  1  0
 10 43  1  0
 11 44  1  0
 14 45  1  1
 15 46  1  0
 15 47  1  0
 17 48  1  0
 17 49  1  0
 19 50  1  0
 19 51  1  0
 20 52  1  0
 20 53  1  0
 21 54  1  0
 21 55  1  0
 22 56  1  0
 22 57  1  0
 23 58  1  0
 23 59  1  0
 27 60  1  0
 28 61  1  0
 29 62  1  0
 31 63  1  0
M  CHG  1  21   1
M  END
