
     RDKit          3D

 60 63  0  0  0  0  0  0  0  0999 V2000
    8.2121    2.8621    0.6022 C   0  0  0  0  0  0  0  0  0  0  0  0
    8.1290    1.3711    0.3345 C   0  0  0  0  0  0  0  0  0  0  0  0
    6.7964    1.0151   -0.0649 O   0  0  0  0  0  0  0  0  0  0  0  0
    5.9332    0.7437    0.9438 C   0  0  0  0  0  0  0  0  0  0  0  0
    6.1835    0.7747    2.1379 O   0  0  0  0  0  0  0  0  0  0  0  0
    4.5898    0.4004    0.4026 C   0  0  0  0  0  0  0  0  0  0  0  0
    4.3028    0.3991   -0.9660 C   0  0  0  0  0  0  0  0  0  0  0  0
    3.0159    0.0779   -1.4157 C   0  0  0  0  0  0  0  0  0  0  0  0
    1.9979   -0.2496   -0.5096 C   0  0  0  0  0  0  0  0  0  0  0  0
    2.2883   -0.2494    0.8557 C   0  0  0  0  0  0  0  0  0  0  0  0
    3.5742    0.0737    1.3084 C   0  0  0  0  0  0  0  0  0  0  0  0
    0.7268   -0.5483   -1.0505 N   0  0  0  0  0  0  0  0  0  0  0  0
   -0.4008   -0.9290   -0.3578 C   0  0  0  0  0  0  0  0  0  0  0  0
   -0.4901   -1.1544    0.8471 O   0  0  0  0  0  0  0  0  0  0  0  0
   -1.6269   -1.1229   -1.2279 C   0  0  1  0  0  0  0  0  0  0  0  0
   -2.0161   -2.6101   -1.1788 C   0  0  0  0  0  0  0  0  0  0  0  0
   -2.9074   -2.7588    0.0594 C   0  0  1  0  0  0  0  0  0  0  0  0
   -3.3256   -1.3526    0.4324 N   0  0  0  0  0  4  0  0  0  0  0  0
   -2.8550   -0.4143   -0.6404 C   0  0  1  0  0  0  0  0  0  0  0  0
   -2.7381    1.0241   -0.1988 C   0  0  0  0  0  0  0  0  0  0  0  0
   -1.9951    1.6092    0.8179 C   0  0  0  0  0  0  0  0  0  0  0  0
   -2.0765    2.9994    1.0085 C   0  0  0  0  0  0  0  0  0  0  0  0
   -2.9332    3.7751    0.2005 C   0  0  0  0  0  0  0  0  0  0  0  0
   -3.6957    3.1876   -0.8084 C   0  0  0  0  0  0  0  0  0  0  0  0
   -3.5774    1.8249   -0.9799 C   0  0  0  0  0  0  0  0  0  0  0  0
   -4.2686    1.0549   -1.8986 N   0  0  0  0  0  0  0  0  0  0  0  0
   -3.9415   -0.2807   -1.7748 C   0  0  0  0  0  0  0  0  0  0  0  0
   -4.4339   -1.2013   -2.4066 O   0  0  0  0  0  0  0  0  0  0  0  0
   -1.2958    3.6568    2.1140 C   0  0  0  0  0  0  0  0  0  0  0  0
   -4.1819   -3.6028   -0.1529 C   0  0  1  0  0  0  0  0  0  0  0  0
   -3.9145   -5.0886    0.0266 C   0  0  0  0  0  0  0  0  0  0  0  0
   -5.1497   -3.1517    0.8086 O   0  0  0  0  0  0  0  0  0  0  0  0
    7.5515    3.1515    1.4257 H   0  0  0  0  0  0  0  0  0  0  0  0
    9.2347    3.1546    0.8558 H   0  0  0  0  0  0  0  0  0  0  0  0
    7.8910    3.4281   -0.2785 H   0  0  0  0  0  0  0  0  0  0  0  0
    8.7922    1.1085   -0.4963 H   0  0  0  0  0  0  0  0  0  0  0  0
    8.4541    0.7879    1.2039 H   0  0  0  0  0  0  0  0  0  0  0  0
    5.0702    0.6474   -1.6965 H   0  0  0  0  0  0  0  0  0  0  0  0
    2.8330    0.0896   -2.4879 H   0  0  0  0  0  0  0  0  0  0  0  0
    1.5451   -0.4918    1.6076 H   0  0  0  0  0  0  0  0  0  0  0  0
    3.7786    0.0693    2.3787 H   0  0  0  0  0  0  0  0  0  0  0  0
    0.6741   -0.4817   -2.0617 H   0  0  0  0  0  0  0  0  0  0  0  0
   -1.4188   -0.8110   -2.2576 H   0  0  0  0  0  0  0  0  0  0  0  0
   -1.1454   -3.2724   -1.1116 H   0  0  0  0  0  0  0  0  0  0  0  0
   -2.5521   -2.8909   -2.0921 H   0  0  0  0  0  0  0  0  0  0  0  0
   -2.3394   -3.1237    0.9229 H   0  0  0  0  0  0  0  0  0  0  0  0
   -4.3482   -1.3478    0.5955 H   0  0  0  0  0  0  0  0  0  0  0  0
   -2.8813   -1.1111    1.3286 H   0  0  0  0  0  0  0  0  0  0  0  0
   -1.3511    1.0282    1.4732 H   0  0  0  0  0  0  0  0  0  0  0  0
   -3.0100    4.8499    0.3663 H   0  0  0  0  0  0  0  0  0  0  0  0
   -4.3577    3.7920   -1.4203 H   0  0  0  0  0  0  0  0  0  0  0  0
   -4.9598    1.4053   -2.5519 H   0  0  0  0  0  0  0  0  0  0  0  0
   -1.8918    3.6744    3.0318 H   0  0  0  0  0  0  0  0  0  0  0  0
   -0.3625    3.1167    2.3060 H   0  0  0  0  0  0  0  0  0  0  0  0
   -1.0269    4.6839    1.8434 H   0  0  0  0  0  0  0  0  0  0  0  0
   -4.6113   -3.4259   -1.1436 H   0  0  0  0  0  0  0  0  0  0  0  0
   -4.8343   -5.6624   -0.1286 H   0  0  0  0  0  0  0  0  0  0  0  0
   -3.5800   -5.3061    1.0464 H   0  0  0  0  0  0  0  0  0  0  0  0
   -3.1583   -5.4465   -0.6783 H   0  0  0  0  0  0  0  0  0  0  0  0
   -5.9217   -3.7513    0.7505 H   0  0  0  0  0  0  0  0  0  0  0  0
  1  2  1  0
  2  3  1  0
  3  4  1  0
  4  5  2  0
  4  6  1  0
  6  7  2  0
  7  8  1  0
  8  9  2  0
  9 10  1  0
 10 11  2  0
  9 12  1  0
 12 13  1  0
 13 14  2  0
 13 15  1  0
 15 16  1  0
 16 17  1  0
 17 18  1  0
 19 18  1  1
 19 20  1  0
 20 21  2  0
 21 22  1  0
 22 23  2  0
 23 24  1  0
 24 25  2  0
 25 26  1  0
 26 27  1  0
 27 28  2  0
 22 29  1  0
 17 30  1  0
 30 31  1  0
 30 32  1  0
 11  6  1  0
 19 15  1  0
 27 19  1  0
 25 20  1  0
  1 33  1  0
  1 34  1  0
  1 35  1  0
  2 36  1  0
  2 37  1  0
  7 38  1  0
  8 39  1  0
 10 40  1  0
 11 41  1  0
 12 42  1  0
 15 43  1  6
 16 44  1  0
 16 45  1  0
 17 46  1  1
 18 47  1  0
 18 48  1  0
 21 49  1  0
 23 50  1  0
 24 51  1  0
 26 52  1  0
 29 53  1  0
 29 54  1  0
 29 55  1  0
 30 56  1  6
 31 57  1  0
 31 58  1  0
 31 59  1  0
 32 60  1  0
M  CHG  1  18   1
M  END
