
     RDKit          3D

 66 70  0  0  0  0  0  0  0  0999 V2000
   -7.4352   -1.8867    2.2566 C   0  0  0  0  0  0  0  0  0  0  0  0
   -8.7050   -1.7682    1.7028 C   0  0  0  0  0  0  0  0  0  0  0  0
   -8.8481   -1.1103    0.4898 C   0  0  0  0  0  0  0  0  0  0  0  0
   -7.7698   -0.6036   -0.1222 N   0  0  0  0  0  4  0  0  0  0  0  0
   -6.5260   -0.6888    0.3697 C   0  0  0  0  0  0  0  0  0  0  0  0
   -6.3378   -1.3461    1.5880 C   0  0  0  0  0  0  0  0  0  0  0  0
   -5.5258   -0.1158   -0.4020 N   0  0  0  0  0  0  0  0  0  0  0  0
   -4.5704   -1.0969   -0.9795 C   0  0  0  0  0  0  0  0  0  0  0  0
   -3.1452   -0.9846   -0.3776 C   0  0  0  0  0  0  0  0  0  0  0  0
   -2.5106    0.3666   -0.4123 N   0  0  0  0  0  0  0  0  0  0  0  0
   -3.5665    1.4122   -0.4985 C   0  0  0  0  0  0  0  0  0  0  0  0
   -4.8680    1.0401    0.2543 C   0  0  0  0  0  0  0  0  0  0  0  0
   -1.4659    0.4985   -1.4672 C   0  0  2  0  0  0  0  0  0  0  0  0
   -0.2384   -0.4131   -1.1879 C   0  0  0  0  0  0  0  0  0  0  0  0
    0.6390    0.0802   -0.0411 C   0  0  0  0  0  0  0  0  0  0  0  0
    1.0748    1.4950   -0.3082 N   0  0  0  0  0  4  0  0  0  0  0  0
   -0.1153    2.4164   -0.4499 C   0  0  0  0  0  0  0  0  0  0  0  0
   -0.9202    1.9482   -1.6713 C   0  0  1  0  0  0  0  0  0  0  0  0
   -0.0091    1.9659   -2.7856 O   0  0  0  0  0  0  0  0  0  0  0  0
    2.1050    2.0163    0.6634 C   0  0  0  0  0  0  0  0  0  0  0  0
    3.4227    1.2973    0.5682 C   0  0  0  0  0  0  0  0  0  0  0  0
    3.9151    0.5457    1.6410 C   0  0  0  0  0  0  0  0  0  0  0  0
    5.1290   -0.1477    1.5295 C   0  0  0  0  0  0  0  0  0  0  0  0
    5.8781   -0.1187    0.3451 C   0  0  0  0  0  0  0  0  0  0  0  0
    5.3858    0.6529   -0.7132 C   0  0  0  0  0  0  0  0  0  0  0  0
    4.1815    1.3575   -0.6057 C   0  0  0  0  0  0  0  0  0  0  0  0
    7.0917   -0.8408    0.2341 N   0  0  0  0  0  0  0  0  0  0  0  0
    7.7117   -1.5486    1.3372 C   0  0  0  0  0  0  0  0  0  0  0  0
    9.0831   -1.9363    0.8048 C   0  0  0  0  0  0  0  0  0  0  0  0
    8.9209   -1.8647   -0.6155 N   0  0  0  0  0  0  0  0  0  0  0  0
    7.8202   -1.0839   -0.9483 C   0  0  0  0  0  0  0  0  0  0  0  0
    7.5911   -0.7200   -2.0894 O   0  0  0  0  0  0  0  0  0  0  0  0
   -7.3007   -2.4012    3.2081 H   0  0  0  0  0  0  0  0  0  0  0  0
   -9.5714   -2.1860    2.2123 H   0  0  0  0  0  0  0  0  0  0  0  0
   -9.8035   -0.9784   -0.0069 H   0  0  0  0  0  0  0  0  0  0  0  0
   -7.8623   -0.1223   -1.0132 H   0  0  0  0  0  0  0  0  0  0  0  0
   -5.3479   -1.4443    2.0249 H   0  0  0  0  0  0  0  0  0  0  0  0
   -4.9320   -2.1281   -0.8743 H   0  0  0  0  0  0  0  0  0  0  0  0
   -4.5119   -0.9012   -2.0575 H   0  0  0  0  0  0  0  0  0  0  0  0
   -2.5275   -1.7480   -0.8580 H   0  0  0  0  0  0  0  0  0  0  0  0
   -3.1981   -1.2728    0.6799 H   0  0  0  0  0  0  0  0  0  0  0  0
   -3.8234    1.6053   -1.5486 H   0  0  0  0  0  0  0  0  0  0  0  0
   -3.1799    2.3423   -0.0680 H   0  0  0  0  0  0  0  0  0  0  0  0
   -4.6274    0.8347    1.3055 H   0  0  0  0  0  0  0  0  0  0  0  0
   -5.5527    1.8964    0.2306 H   0  0  0  0  0  0  0  0  0  0  0  0
   -1.8998    0.1746   -2.4237 H   0  0  0  0  0  0  0  0  0  0  0  0
   -0.5278   -1.4479   -0.9847 H   0  0  0  0  0  0  0  0  0  0  0  0
    0.3723   -0.4693   -2.0994 H   0  0  0  0  0  0  0  0  0  0  0  0
    1.5333   -0.5457    0.0298 H   0  0  0  0  0  0  0  0  0  0  0  0
    0.1118    0.0669    0.9191 H   0  0  0  0  0  0  0  0  0  0  0  0
    1.5191    1.5048   -1.2421 H   0  0  0  0  0  0  0  0  0  0  0  0
    0.2855    3.4200   -0.6283 H   0  0  0  0  0  0  0  0  0  0  0  0
   -0.6816    2.3998    0.4863 H   0  0  0  0  0  0  0  0  0  0  0  0
   -1.7167    2.6643   -1.8942 H   0  0  0  0  0  0  0  0  0  0  0  0
   -0.5310    1.9175   -3.6113 H   0  0  0  0  0  0  0  0  0  0  0  0
    2.2635    3.0776    0.4384 H   0  0  0  0  0  0  0  0  0  0  0  0
    1.6678    1.9422    1.6658 H   0  0  0  0  0  0  0  0  0  0  0  0
    3.3708    0.4835    2.5818 H   0  0  0  0  0  0  0  0  0  0  0  0
    5.4641   -0.7227    2.3890 H   0  0  0  0  0  0  0  0  0  0  0  0
    5.9373    0.7457   -1.6459 H   0  0  0  0  0  0  0  0  0  0  0  0
    3.8651    1.9552   -1.4590 H   0  0  0  0  0  0  0  0  0  0  0  0
    7.7944   -0.9200    2.2290 H   0  0  0  0  0  0  0  0  0  0  0  0
    7.1131   -2.4396    1.5575 H   0  0  0  0  0  0  0  0  0  0  0  0
    9.8454   -1.2052    1.0931 H   0  0  0  0  0  0  0  0  0  0  0  0
    9.3998   -2.9371    1.1079 H   0  0  0  0  0  0  0  0  0  0  0  0
    9.6597   -1.9790   -1.2985 H   0  0  0  0  0  0  0  0  0  0  0  0
  1  2  2  0
  2  3  1  0
  3  4  2  0
  4  5  1  0
  5  6  2  0
  5  7  1  0
  7  8  1  0
  8  9  1  0
  9 10  1  0
 10 11  1  0
 11 12  1  0
 10 13  1  0
 13 14  1  0
 14 15  1  0
 15 16  1  0
 16 17  1  0
 17 18  1  0
 18 19  1  0
 16 20  1  0
 20 21  1  0
 21 22  2  0
 22 23  1  0
 23 24  2  0
 24 25  1  0
 25 26  2  0
 24 27  1  0
 27 28  1  0
 28 29  1  0
 29 30  1  0
 30 31  1  0
 31 32  2  0
  6  1  1  0
 12  7  1  0
 18 13  1  0
 26 21  1  0
 31 27  1  0
  1 33  1  0
  2 34  1  0
  3 35  1  0
  4 36  1  0
  6 37  1  0
  8 38  1  0
  8 39  1  0
  9 40  1  0
  9 41  1  0
 11 42  1  0
 11 43  1  0
 12 44  1  0
 12 45  1  0
 13 46  1  6
 14 47  1  0
 14 48  1  0
 15 49  1  0
 15 50  1  0
 16 51  1  0
 17 52  1  0
 17 53  1  0
 18 54  1  6
 19 55  1  0
 20 56  1  0
 20 57  1  0
 22 58  1  0
 23 59  1  0
 25 60  1  0
 26 61  1  0
 28 62  1  0
 28 63  1  0
 29 64  1  0
 29 65  1  0
 30 66  1  0
M  CHG  2   4   1  16   1
M  END
