
     RDKit          3D

 57 58  0  0  0  0  0  0  0  0999 V2000
    0.4105   -3.6136   -0.1312 C   0  0  0  0  0  0  0  0  0  0  0  0
    0.2230   -2.2622   -0.7992 C   0  0  0  0  0  0  0  0  0  0  0  0
    0.6373   -1.2486    0.1309 O   0  0  0  0  0  0  0  0  0  0  0  0
    0.3534    0.0103   -0.3218 C   0  0  0  0  0  0  0  0  0  0  0  0
    1.2288    0.6631   -1.1977 C   0  0  0  0  0  0  0  0  0  0  0  0
    0.9050    1.9181   -1.7153 C   0  0  0  0  0  0  0  0  0  0  0  0
   -0.3017    2.5186   -1.3684 C   0  0  0  0  0  0  0  0  0  0  0  0
   -1.1993    1.9105   -0.4627 C   0  0  0  0  0  0  0  0  0  0  0  0
   -0.8078    0.6791    0.1312 C   0  0  0  0  0  0  0  0  0  0  0  0
   -1.5659    0.0838    1.6634 S   0  0  0  0  0  6  0  0  0  0  0  0
   -2.3358    1.1776    2.2272 O   0  0  0  0  0  0  0  0  0  0  0  0
   -0.4994   -0.4728    2.4758 O   0  0  0  0  0  0  0  0  0  0  0  0
   -2.6822   -1.2459    1.2121 C   0  0  0  0  0  0  0  0  0  0  0  0
   -3.3839   -1.7812    2.4593 C   0  0  0  0  0  0  0  0  0  0  0  0
   -3.7053   -0.8352    0.1648 C   0  0  0  0  0  0  0  0  0  0  0  0
   -2.5182    2.6416   -0.1818 C   0  0  2  0  0  0  0  0  0  0  0  0
   -3.1988    3.1182   -1.4862 C   0  0  0  0  0  0  0  0  0  0  0  0
   -4.6337    2.6652   -1.4999 C   0  0  0  0  0  0  0  0  0  0  0  0
   -4.9681    1.5711   -1.9533 O   0  0  0  0  0  0  0  0  0  0  0  0
   -2.2508    3.7120    0.7724 N   0  0  0  0  0  0  0  0  0  0  0  0
   -3.2421    4.5446    1.2259 C   0  0  0  0  0  0  0  0  0  0  0  0
   -4.3586    4.6537    0.7411 O   0  0  0  0  0  0  0  0  0  0  0  0
    2.8504    0.0174   -1.5697 S   0  0  0  0  0  6  0  0  0  0  0  0
    2.6618   -0.9274   -2.6555 O   0  0  0  0  0  0  0  0  0  0  0  0
    3.7149    1.1723   -1.7410 O   0  0  0  0  0  0  0  0  0  0  0  0
    3.3061   -0.7717   -0.2207 O   0  0  0  0  0  0  0  0  0  0  0  0
    4.5733   -1.2614   -0.0490 C   0  0  0  0  0  0  0  0  0  0  0  0
    5.4631   -1.5629   -1.0799 C   0  0  0  0  0  0  0  0  0  0  0  0
    6.7325   -2.0649   -0.7806 C   0  0  0  0  0  0  0  0  0  0  0  0
    7.1118   -2.2708    0.5456 C   0  0  0  0  0  0  0  0  0  0  0  0
    6.2194   -1.9829    1.5771 C   0  0  0  0  0  0  0  0  0  0  0  0
    4.9507   -1.4845    1.2782 C   0  0  0  0  0  0  0  0  0  0  0  0
   -0.1762   -3.6747    0.7922 H   0  0  0  0  0  0  0  0  0  0  0  0
    1.4593   -3.7617    0.1466 H   0  0  0  0  0  0  0  0  0  0  0  0
    0.1044   -4.4252   -0.7983 H   0  0  0  0  0  0  0  0  0  0  0  0
    0.8297   -2.2301   -1.7082 H   0  0  0  0  0  0  0  0  0  0  0  0
   -0.8281   -2.1279   -1.0796 H   0  0  0  0  0  0  0  0  0  0  0  0
    1.5881    2.4400   -2.3855 H   0  0  0  0  0  0  0  0  0  0  0  0
   -0.5269    3.4977   -1.7948 H   0  0  0  0  0  0  0  0  0  0  0  0
   -2.0600   -2.0473    0.8096 H   0  0  0  0  0  0  0  0  0  0  0  0
   -4.0396   -2.6207    2.2054 H   0  0  0  0  0  0  0  0  0  0  0  0
   -2.6549   -2.1364    3.1963 H   0  0  0  0  0  0  0  0  0  0  0  0
   -3.9928   -1.0075    2.9413 H   0  0  0  0  0  0  0  0  0  0  0  0
   -3.2204   -0.4736   -0.7477 H   0  0  0  0  0  0  0  0  0  0  0  0
   -4.3362   -1.6862   -0.1157 H   0  0  0  0  0  0  0  0  0  0  0  0
   -4.3629   -0.0438    0.5370 H   0  0  0  0  0  0  0  0  0  0  0  0
   -3.2203    1.9637    0.3028 H   0  0  0  0  0  0  0  0  0  0  0  0
   -2.7488    2.6710   -2.3808 H   0  0  0  0  0  0  0  0  0  0  0  0
   -3.1658    4.2037   -1.6187 H   0  0  0  0  0  0  0  0  0  0  0  0
   -5.3716    3.3318   -1.0291 H   0  0  0  0  0  0  0  0  0  0  0  0
   -1.5529    3.5023    1.4795 H   0  0  0  0  0  0  0  0  0  0  0  0
   -2.9111    5.1403    2.0936 H   0  0  0  0  0  0  0  0  0  0  0  0
    5.1977   -1.4319   -2.1241 H   0  0  0  0  0  0  0  0  0  0  0  0
    7.4271   -2.2954   -1.5857 H   0  0  0  0  0  0  0  0  0  0  0  0
    8.1008   -2.6587    0.7736 H   0  0  0  0  0  0  0  0  0  0  0  0
    6.5123   -2.1406    2.6126 H   0  0  0  0  0  0  0  0  0  0  0  0
    4.2588   -1.2600    2.0863 H   0  0  0  0  0  0  0  0  0  0  0  0
  1  2  1  0
  2  3  1  0
  3  4  1  0
  4  5  2  0
  5  6  1  0
  6  7  2  0
  7  8  1  0
  8  9  2  0
  9 10  1  0
 10 11  2  0
 10 12  2  0
 10 13  1  0
 13 14  1  0
 13 15  1  0
  8 16  1  0
 16 17  1  0
 17 18  1  0
 18 19  2  0
 16 20  1  0
 20 21  1  0
 21 22  2  0
  5 23  1  0
 23 24  2  0
 23 25  2  0
 23 26  1  0
 26 27  1  0
 27 28  2  0
 28 29  1  0
 29 30  2  0
 30 31  1  0
 31 32  2  0
  9  4  1  0
 32 27  1  0
  1 33  1  0
  1 34  1  0
  1 35  1  0
  2 36  1  0
  2 37  1  0
  6 38  1  0
  7 39  1  0
 13 40  1  0
 14 41  1  0
 14 42  1  0
 14 43  1  0
 15 44  1  0
 15 45  1  0
 15 46  1  0
 16 47  1  1
 17 48  1  0
 17 49  1  0
 18 50  1  0
 20 51  1  0
 21 52  1  0
 28 53  1  0
 29 54  1  0
 30 55  1  0
 31 56  1  0
 32 57  1  0
M  END
