
     RDKit          3D

 64 68  0  0  0  0  0  0  0  0999 V2000
    5.5264    1.5606    1.7468 C   0  0  0  0  0  0  0  0  0  0  0  0
    5.1756    1.7757    0.2791 C   0  0  0  0  0  0  0  0  0  0  0  0
    4.6972    0.5210   -0.4740 C   0  0  2  0  0  0  0  0  0  0  0  0
    3.4609   -0.1891    0.1323 C   0  0  0  0  0  0  0  0  0  0  0  0
    2.2583    0.7685    0.2186 C   0  0  0  0  0  0  0  0  0  0  0  0
    0.9345    0.0470    0.0246 C   0  0  0  0  0  0  0  0  0  0  0  0
    0.8967   -0.5260   -1.3833 N   0  0  0  0  0  4  0  0  0  0  0  0
    2.1797   -1.2069   -1.8220 C   0  0  0  0  0  0  0  0  0  0  0  0
    3.0878   -1.4797   -0.6335 C   0  0  0  0  0  0  0  0  0  0  0  0
   -0.3247   -1.4015   -1.6133 C   0  0  0  0  0  0  0  0  0  0  0  0
   -1.5968   -0.6660   -1.4141 C   0  0  0  0  0  0  0  0  0  0  0  0
   -2.0381    0.4543   -2.0959 C   0  0  0  0  0  0  0  0  0  0  0  0
   -3.2187    0.8272   -1.5065 N   0  0  0  0  0  0  0  0  0  0  0  0
   -3.6022   -0.0151   -0.5305 N   0  0  0  0  0  0  0  0  0  0  0  0
   -2.6270   -0.9262   -0.4697 C   0  0  0  0  0  0  0  0  0  0  0  0
   -2.6641   -2.0926    0.5725 C   0  0  0  0  0  0  0  0  0  0  0  0
   -3.6788   -2.3243    1.4805 C   0  0  0  0  0  0  0  0  0  0  0  0
   -3.3082   -3.4692    2.2312 C   0  0  0  0  0  0  0  0  0  0  0  0
   -3.8768   -4.2100    3.2811 C   0  0  0  0  0  0  0  0  0  0  0  0
   -3.1765   -5.3215    3.7745 C   0  0  0  0  0  0  0  0  0  0  0  0
   -1.9415   -5.6938    3.2364 C   0  0  0  0  0  0  0  0  0  0  0  0
   -1.3591   -4.9685    2.1920 C   0  0  0  0  0  0  0  0  0  0  0  0
   -2.0770   -3.8685    1.7260 C   0  0  0  0  0  0  0  0  0  0  0  0
   -1.6838   -3.0340    0.7238 O   0  0  0  0  0  0  0  0  0  0  0  0
   -4.0027    2.0250   -1.7922 C   0  0  0  0  0  0  0  0  0  0  0  0
   -3.2192    3.2711   -1.4538 C   0  0  0  0  0  0  0  0  0  0  0  0
   -2.6935    4.0882   -2.4659 C   0  0  0  0  0  0  0  0  0  0  0  0
   -1.9549    5.2273   -2.1386 C   0  0  0  0  0  0  0  0  0  0  0  0
   -1.7314    5.5590   -0.8024 C   0  0  0  0  0  0  0  0  0  0  0  0
   -2.2556    4.7585    0.2115 C   0  0  0  0  0  0  0  0  0  0  0  0
   -2.9965    3.6213   -0.1104 C   0  0  0  0  0  0  0  0  0  0  0  0
    5.7508   -0.4281   -0.6098 O   0  0  0  0  0  0  0  0  0  0  0  0
    5.8766    2.5035    2.1847 H   0  0  0  0  0  0  0  0  0  0  0  0
    6.3250    0.8234    1.8711 H   0  0  0  0  0  0  0  0  0  0  0  0
    4.6585    1.2287    2.3242 H   0  0  0  0  0  0  0  0  0  0  0  0
    6.0678    2.1671   -0.2248 H   0  0  0  0  0  0  0  0  0  0  0  0
    4.4112    2.5581    0.2175 H   0  0  0  0  0  0  0  0  0  0  0  0
    4.4495    0.8318   -1.4977 H   0  0  0  0  0  0  0  0  0  0  0  0
    3.7255   -0.5197    1.1475 H   0  0  0  0  0  0  0  0  0  0  0  0
    2.2680    1.2851    1.1867 H   0  0  0  0  0  0  0  0  0  0  0  0
    2.3397    1.5489   -0.5534 H   0  0  0  0  0  0  0  0  0  0  0  0
    0.7993   -0.7759    0.7344 H   0  0  0  0  0  0  0  0  0  0  0  0
    0.1048    0.7553    0.1158 H   0  0  0  0  0  0  0  0  0  0  0  0
    0.7671    0.2773   -2.0084 H   0  0  0  0  0  0  0  0  0  0  0  0
    1.9238   -2.1399   -2.3373 H   0  0  0  0  0  0  0  0  0  0  0  0
    2.6557   -0.5347   -2.5462 H   0  0  0  0  0  0  0  0  0  0  0  0
    3.9786   -2.0201   -0.9704 H   0  0  0  0  0  0  0  0  0  0  0  0
    2.5761   -2.1664    0.0558 H   0  0  0  0  0  0  0  0  0  0  0  0
   -0.2074   -2.2721   -0.9641 H   0  0  0  0  0  0  0  0  0  0  0  0
   -0.2709   -1.7444   -2.6551 H   0  0  0  0  0  0  0  0  0  0  0  0
   -1.6151    1.0349   -2.9057 H   0  0  0  0  0  0  0  0  0  0  0  0
   -4.5798   -1.7335    1.5831 H   0  0  0  0  0  0  0  0  0  0  0  0
   -4.8374   -3.9340    3.7071 H   0  0  0  0  0  0  0  0  0  0  0  0
   -3.6054   -5.9036    4.5884 H   0  0  0  0  0  0  0  0  0  0  0  0
   -1.4246   -6.5655    3.6377 H   0  0  0  0  0  0  0  0  0  0  0  0
   -0.4044   -5.2498    1.7655 H   0  0  0  0  0  0  0  0  0  0  0  0
   -4.9214    1.9872   -1.1979 H   0  0  0  0  0  0  0  0  0  0  0  0
   -4.2819    1.9832   -2.8498 H   0  0  0  0  0  0  0  0  0  0  0  0
   -2.8687    3.8559   -3.5143 H   0  0  0  0  0  0  0  0  0  0  0  0
   -1.5618    5.8659   -2.9280 H   0  0  0  0  0  0  0  0  0  0  0  0
   -1.1665    6.4548   -0.5508 H   0  0  0  0  0  0  0  0  0  0  0  0
   -2.1009    5.0293    1.2542 H   0  0  0  0  0  0  0  0  0  0  0  0
   -3.4063    3.0100    0.6928 H   0  0  0  0  0  0  0  0  0  0  0  0
    6.3842   -0.3244    0.1227 H   0  0  0  0  0  0  0  0  0  0  0  0
  1  2  1  0
  2  3  1  0
  3  4  1  0
  4  5  1  0
  5  6  1  0
  6  7  1  0
  7  8  1  0
  8  9  1  0
  7 10  1  0
 10 11  1  0
 11 12  2  0
 12 13  1  0
 13 14  1  0
 14 15  2  0
 15 16  1  0
 16 17  2  0
 17 18  1  0
 18 19  2  0
 19 20  1  0
 20 21  2  0
 21 22  1  0
 22 23  2  0
 23 24  1  0
 13 25  1  0
 25 26  1  0
 26 27  2  0
 27 28  1  0
 28 29  2  0
 29 30  1  0
 30 31  2  0
  3 32  1  0
  9  4  1  0
 15 11  1  0
 24 16  1  0
 23 18  1  0
 31 26  1  0
  1 33  1  0
  1 34  1  0
  1 35  1  0
  2 36  1  0
  2 37  1  0
  3 38  1  6
  4 39  1  0
  5 40  1  0
  5 41  1  0
  6 42  1  0
  6 43  1  0
  7 44  1  0
  8 45  1  0
  8 46  1  0
  9 47  1  0
  9 48  1  0
 10 49  1  0
 10 50  1  0
 12 51  1  0
 17 52  1  0
 19 53  1  0
 20 54  1  0
 21 55  1  0
 22 56  1  0
 25 57  1  0
 25 58  1  0
 27 59  1  0
 28 60  1  0
 29 61  1  0
 30 62  1  0
 31 63  1  0
 32 64  1  0
M  CHG  1   7   1
M  END
