
     RDKit          3D

 63 65  0  0  0  0  0  0  0  0999 V2000
   -7.6762    1.1245   -1.3699 C   0  0  0  0  0  0  0  0  0  0  0  0
   -7.8846   -0.0520   -0.4301 C   0  0  0  0  0  0  0  0  0  0  0  0
   -6.7486   -1.0387   -0.5360 N   0  0  0  0  0  4  0  0  0  0  0  0
   -7.0219   -2.4199    0.0137 C   0  0  0  0  0  0  0  0  0  0  0  0
   -7.3623   -2.4398    1.4938 C   0  0  0  0  0  0  0  0  0  0  0  0
   -5.4363   -0.5102   -0.0993 C   0  0  0  0  0  0  0  0  0  0  0  0
   -5.2616    0.1274    1.1294 C   0  0  0  0  0  0  0  0  0  0  0  0
   -3.9996    0.6156    1.4915 C   0  0  0  0  0  0  0  0  0  0  0  0
   -2.9014    0.4756    0.6336 C   0  0  0  0  0  0  0  0  0  0  0  0
   -3.0888   -0.1666   -0.5920 C   0  0  0  0  0  0  0  0  0  0  0  0
   -4.3476   -0.6572   -0.9598 C   0  0  0  0  0  0  0  0  0  0  0  0
   -1.6678    0.9948    1.0730 N   0  0  0  0  0  0  0  0  0  0  0  0
   -0.4587    1.0125    0.3756 C   0  0  0  0  0  0  0  0  0  0  0  0
   -0.2995    0.5556   -0.7533 O   0  0  0  0  0  0  0  0  0  0  0  0
    0.6897    1.6370    1.2060 C   0  0  1  0  0  0  0  0  0  0  0  0
    1.1295    0.6629    2.2995 C   0  0  0  0  0  0  0  0  0  0  0  0
    1.7744    2.0665    0.3240 N   0  0  0  0  0  0  0  0  0  0  0  0
    1.6038    3.2407   -0.3964 C   0  0  0  0  0  0  0  0  0  0  0  0
    0.6115    3.9636   -0.3220 O   0  0  0  0  0  0  0  0  0  0  0  0
    2.7175    3.6265   -1.2824 C   0  0  0  0  0  0  0  0  0  0  0  0
    3.7961    2.8517   -1.4035 C   0  0  0  0  0  0  0  0  0  0  0  0
    3.8142    1.5962   -0.6212 C   0  0  0  0  0  0  0  0  0  0  0  0
    2.8730    1.2440    0.2007 N   0  0  0  0  0  0  0  0  0  0  0  0
    5.0042    0.7101   -0.7779 C   0  0  0  0  0  0  0  0  0  0  0  0
    5.6976    0.5990   -1.9863 C   0  0  0  0  0  0  0  0  0  0  0  0
    6.8032   -0.2534   -2.0785 C   0  0  0  0  0  0  0  0  0  0  0  0
    7.2213   -1.0124   -0.9810 C   0  0  0  0  0  0  0  0  0  0  0  0
    6.5243   -0.9088    0.2211 C   0  0  0  0  0  0  0  0  0  0  0  0
    5.4180   -0.0564    0.3200 C   0  0  0  0  0  0  0  0  0  0  0  0
    8.3143   -1.7949   -1.2208 O   0  0  0  0  0  0  0  0  0  0  0  0
    8.7191   -2.7411   -0.2314 C   0  0  0  0  0  0  0  0  0  0  0  0
    9.7329   -2.1258    0.7168 C   0  0  0  0  0  0  0  0  0  0  0  0
   -6.8227    1.7394   -1.0679 H   0  0  0  0  0  0  0  0  0  0  0  0
   -7.5109    0.7873   -2.3977 H   0  0  0  0  0  0  0  0  0  0  0  0
   -8.5632    1.7663   -1.3628 H   0  0  0  0  0  0  0  0  0  0  0  0
   -8.7928   -0.5913   -0.7226 H   0  0  0  0  0  0  0  0  0  0  0  0
   -7.9938    0.2730    0.6089 H   0  0  0  0  0  0  0  0  0  0  0  0
   -6.6412   -1.1943   -1.5469 H   0  0  0  0  0  0  0  0  0  0  0  0
   -7.8619   -2.8157   -0.5687 H   0  0  0  0  0  0  0  0  0  0  0  0
   -6.1471   -3.0449   -0.2026 H   0  0  0  0  0  0  0  0  0  0  0  0
   -6.5066   -2.1576    2.1142 H   0  0  0  0  0  0  0  0  0  0  0  0
   -8.2021   -1.7815    1.7315 H   0  0  0  0  0  0  0  0  0  0  0  0
   -7.6481   -3.4556    1.7874 H   0  0  0  0  0  0  0  0  0  0  0  0
   -6.0811    0.2604    1.8297 H   0  0  0  0  0  0  0  0  0  0  0  0
   -3.8884    1.1115    2.4541 H   0  0  0  0  0  0  0  0  0  0  0  0
   -2.2704   -0.3039   -1.2955 H   0  0  0  0  0  0  0  0  0  0  0  0
   -4.4367   -1.1477   -1.9260 H   0  0  0  0  0  0  0  0  0  0  0  0
   -1.6660    1.4507    1.9787 H   0  0  0  0  0  0  0  0  0  0  0  0
    0.2936    2.5384    1.6915 H   0  0  0  0  0  0  0  0  0  0  0  0
    0.3068    0.4451    2.9882 H   0  0  0  0  0  0  0  0  0  0  0  0
    1.4573   -0.2928    1.8760 H   0  0  0  0  0  0  0  0  0  0  0  0
    1.9572    1.0774    2.8840 H   0  0  0  0  0  0  0  0  0  0  0  0
    2.6128    4.5646   -1.8131 H   0  0  0  0  0  0  0  0  0  0  0  0
    4.6329    3.1387   -2.0239 H   0  0  0  0  0  0  0  0  0  0  0  0
    5.3865    1.1412   -2.8746 H   0  0  0  0  0  0  0  0  0  0  0  0
    7.3409   -0.3386   -3.0208 H   0  0  0  0  0  0  0  0  0  0  0  0
    6.8128   -1.4688    1.1045 H   0  0  0  0  0  0  0  0  0  0  0  0
    4.8837    0.0088    1.2662 H   0  0  0  0  0  0  0  0  0  0  0  0
    7.8711   -3.1900    0.2969 H   0  0  0  0  0  0  0  0  0  0  0  0
    9.2020   -3.5624   -0.7722 H   0  0  0  0  0  0  0  0  0  0  0  0
   10.5794   -1.7119    0.1586 H   0  0  0  0  0  0  0  0  0  0  0  0
    9.2972   -1.2985    1.2859 H   0  0  0  0  0  0  0  0  0  0  0  0
   10.1090   -2.8746    1.4189 H   0  0  0  0  0  0  0  0  0  0  0  0
  1  2  1  0
  2  3  1  0
  3  4  1  0
  4  5  1  0
  3  6  1  0
  6  7  2  0
  7  8  1  0
  8  9  2  0
  9 10  1  0
 10 11  2  0
  9 12  1  0
 12 13  1  0
 13 14  2  0
 13 15  1  0
 15 16  1  0
 15 17  1  0
 17 18  1  0
 18 19  2  0
 18 20  1  0
 20 21  2  0
 21 22  1  0
 22 23  2  0
 22 24  1  0
 24 25  2  0
 25 26  1  0
 26 27  2  0
 27 28  1  0
 28 29  2  0
 27 30  1  0
 30 31  1  0
 31 32  1  0
 11  6  1  0
 23 17  1  0
 29 24  1  0
  1 33  1  0
  1 34  1  0
  1 35  1  0
  2 36  1  0
  2 37  1  0
  3 38  1  0
  4 39  1  0
  4 40  1  0
  5 41  1  0
  5 42  1  0
  5 43  1  0
  7 44  1  0
  8 45  1  0
 10 46  1  0
 11 47  1  0
 12 48  1  0
 15 49  1  1
 16 50  1  0
 16 51  1  0
 16 52  1  0
 20 53  1  0
 21 54  1  0
 25 55  1  0
 26 56  1  0
 28 57  1  0
 29 58  1  0
 31 59  1  0
 31 60  1  0
 32 61  1  0
 32 62  1  0
 32 63  1  0
M  CHG  1   3   1
M  END
