
     RDKit          3D

 36 38  0  0  0  0  0  0  0  0999 V2000
    3.0611   -0.0488    2.3441 C   0  0  0  0  0  0  0  0  0  0  0  0
    2.3148   -0.4100    1.1412 N   0  0  0  0  0  0  0  0  0  0  0  0
    2.1930    0.5322    0.0782 C   0  0  0  0  0  0  0  0  0  0  0  0
    2.9294    1.7226    0.0471 C   0  0  0  0  0  0  0  0  0  0  0  0
    2.7871    2.6207   -1.0135 C   0  0  0  0  0  0  0  0  0  0  0  0
    1.9060    2.3440   -2.0535 C   0  0  0  0  0  0  0  0  0  0  0  0
    1.1538    1.1729   -2.0306 C   0  0  0  0  0  0  0  0  0  0  0  0
    1.2852    0.2690   -0.9626 C   0  0  0  0  0  0  0  0  0  0  0  0
    0.4292   -0.9632   -0.8900 C   0  0  1  0  0  0  0  0  0  0  0  0
    1.2233   -2.0976   -0.2753 C   0  0  0  0  0  0  0  0  0  0  0  0
    1.7717   -1.6876    1.0652 C   0  0  0  0  0  0  0  0  0  0  0  0
    1.7336   -2.4786    2.0041 O   0  0  0  0  0  0  0  0  0  0  0  0
   -0.8261   -0.7457   -0.1145 N   0  0  0  0  0  4  0  0  0  0  0  0
   -1.8396    0.2013   -0.6817 C   0  0  0  0  0  0  0  0  0  0  0  0
   -3.1757   -0.1244   -0.0964 C   0  0  0  0  0  0  0  0  0  0  0  0
   -4.3533    0.6492   -0.0721 C   0  0  0  0  0  0  0  0  0  0  0  0
   -5.2692   -0.1342    0.5869 C   0  0  0  0  0  0  0  0  0  0  0  0
   -4.6286   -1.2937    0.9137 N   0  0  0  0  0  0  0  0  0  0  0  0
   -3.3383   -1.3155    0.5089 N   0  0  0  0  0  0  0  0  0  0  0  0
    2.9729   -0.8137    3.1209 H   0  0  0  0  0  0  0  0  0  0  0  0
    4.1211    0.0536    2.0915 H   0  0  0  0  0  0  0  0  0  0  0  0
    2.6714    0.8901    2.7498 H   0  0  0  0  0  0  0  0  0  0  0  0
    3.6453    1.9763    0.8251 H   0  0  0  0  0  0  0  0  0  0  0  0
    3.3786    3.5349   -1.0319 H   0  0  0  0  0  0  0  0  0  0  0  0
    1.8138    3.0430   -2.8833 H   0  0  0  0  0  0  0  0  0  0  0  0
    0.4765    0.9759   -2.8597 H   0  0  0  0  0  0  0  0  0  0  0  0
    0.1174   -1.2717   -1.8956 H   0  0  0  0  0  0  0  0  0  0  0  0
    0.5949   -2.9872   -0.1498 H   0  0  0  0  0  0  0  0  0  0  0  0
    2.0718   -2.3798   -0.9112 H   0  0  0  0  0  0  0  0  0  0  0  0
   -0.6359   -0.4500    0.8513 H   0  0  0  0  0  0  0  0  0  0  0  0
   -1.3610   -1.6261    0.0114 H   0  0  0  0  0  0  0  0  0  0  0  0
   -1.5210    1.2171   -0.4311 H   0  0  0  0  0  0  0  0  0  0  0  0
   -1.8635    0.0597   -1.7667 H   0  0  0  0  0  0  0  0  0  0  0  0
   -4.5254    1.6391   -0.4748 H   0  0  0  0  0  0  0  0  0  0  0  0
   -6.3071    0.0262    0.8484 H   0  0  0  0  0  0  0  0  0  0  0  0
   -5.0066   -2.0999    1.4066 H   0  0  0  0  0  0  0  0  0  0  0  0
  1  2  1  0
  2  3  1  0
  3  4  2  0
  4  5  1  0
  5  6  2  0
  6  7  1  0
  7  8  2  0
  8  9  1  0
  9 10  1  0
 10 11  1  0
 11 12  2  0
  9 13  1  0
 13 14  1  0
 14 15  1  0
 15 16  1  0
 16 17  2  0
 17 18  1  0
 18 19  1  0
 11  2  1  0
  8  3  1  0
 19 15  2  0
  1 20  1  0
  1 21  1  0
  1 22  1  0
  4 23  1  0
  5 24  1  0
  6 25  1  0
  7 26  1  0
  9 27  1  6
 10 28  1  0
 10 29  1  0
 13 30  1  0
 13 31  1  0
 14 32  1  0
 14 33  1  0
 16 34  1  0
 17 35  1  0
 18 36  1  0
M  CHG  1  13   1
M  END
