
     RDKit          3D

 41 43  0  0  0  0  0  0  0  0999 V2000
    2.7424    2.1734   -1.2221 C   0  0  0  0  0  0  0  0  0  0  0  0
    3.7858    1.6789   -0.2345 C   0  0  0  0  0  0  0  0  0  0  0  0
    3.8638    0.1536   -0.2091 C   0  0  0  0  0  0  0  0  0  0  0  0
    2.5318   -0.5457   -0.5215 C   0  0  2  0  0  0  0  0  0  0  0  0
    1.3181    0.3306   -0.1170 C   0  0  1  0  0  0  0  0  0  0  0  0
    1.3379    1.6724   -0.8774 C   0  0  0  0  0  0  0  0  0  0  0  0
   -0.0013   -0.3205   -0.3484 N   0  0  0  0  0  0  0  0  0  0  0  0
    0.1683   -1.7845   -0.4643 C   0  0  0  0  0  0  0  0  0  0  0  0
    1.2615   -2.3321    0.4587 C   0  0  0  0  0  0  0  0  0  0  0  0
    2.5676   -1.8222    0.1391 O   0  0  0  0  0  0  0  0  0  0  0  0
   -0.9556    0.0608    0.7297 C   0  0  0  0  0  0  0  0  0  0  0  0
   -2.4324   -0.3363    0.5278 C   0  0  2  0  0  0  0  0  0  0  0  0
   -2.9385   -0.0633   -0.8811 C   0  0  0  0  0  0  0  0  0  0  0  0
   -4.3733    0.3493   -0.6578 C   0  0  0  0  0  0  0  0  0  0  0  0
   -4.3359    1.1476    0.5300 O   0  0  0  0  0  0  0  0  0  0  0  0
   -3.3653    0.5215    1.4034 C   0  0  0  0  0  0  0  0  0  0  0  0
   -2.7120   -1.7388    1.1009 C   0  0  0  0  0  0  0  0  0  0  0  0
   -3.4474   -2.4888    0.3978 O   0  0  0  0  0  0  0  0  0  0  0  0
   -2.1697   -1.9978    2.2147 O   0  0  0  0  0  1  0  0  0  0  0  0
    2.7423    3.2687   -1.2582 H   0  0  0  0  0  0  0  0  0  0  0  0
    3.0115    1.8298   -2.2291 H   0  0  0  0  0  0  0  0  0  0  0  0
    3.5352    2.0469    0.7684 H   0  0  0  0  0  0  0  0  0  0  0  0
    4.7699    2.0932   -0.4814 H   0  0  0  0  0  0  0  0  0  0  0  0
    4.6082   -0.1867   -0.9407 H   0  0  0  0  0  0  0  0  0  0  0  0
    4.2532   -0.1668    0.7657 H   0  0  0  0  0  0  0  0  0  0  0  0
    2.4918   -0.7428   -1.6017 H   0  0  0  0  0  0  0  0  0  0  0  0
    1.4362    0.5292    0.9589 H   0  0  0  0  0  0  0  0  0  0  0  0
    0.7687    1.6005   -1.8138 H   0  0  0  0  0  0  0  0  0  0  0  0
    0.8240    2.4294   -0.2712 H   0  0  0  0  0  0  0  0  0  0  0  0
    0.4571   -1.9899   -1.5036 H   0  0  0  0  0  0  0  0  0  0  0  0
   -0.7630   -2.3322   -0.3208 H   0  0  0  0  0  0  0  0  0  0  0  0
    1.0519   -2.0987    1.5084 H   0  0  0  0  0  0  0  0  0  0  0  0
    1.3135   -3.4223    0.3732 H   0  0  0  0  0  0  0  0  0  0  0  0
   -0.9327    1.1582    0.7820 H   0  0  0  0  0  0  0  0  0  0  0  0
   -0.5766   -0.2809    1.7010 H   0  0  0  0  0  0  0  0  0  0  0  0
   -2.8559   -0.9130   -1.5651 H   0  0  0  0  0  0  0  0  0  0  0  0
   -2.3972    0.7813   -1.3258 H   0  0  0  0  0  0  0  0  0  0  0  0
   -5.0376   -0.5049   -0.4901 H   0  0  0  0  0  0  0  0  0  0  0  0
   -4.7704    0.9440   -1.4851 H   0  0  0  0  0  0  0  0  0  0  0  0
   -3.9344   -0.0307    2.1606 H   0  0  0  0  0  0  0  0  0  0  0  0
   -2.8414    1.3299    1.9242 H   0  0  0  0  0  0  0  0  0  0  0  0
  1  2  1  0
  2  3  1  0
  3  4  1  0
  4  5  1  0
  5  6  1  0
  5  7  1  0
  7  8  1  0
  8  9  1  0
  9 10  1  0
  7 11  1  0
 12 11  1  6
 12 13  1  0
 13 14  1  0
 14 15  1  0
 15 16  1  0
 12 17  1  0
 17 18  2  0
 17 19  1  0
  6  1  1  0
 10  4  1  0
 16 12  1  0
  1 20  1  0
  1 21  1  0
  2 22  1  0
  2 23  1  0
  3 24  1  0
  3 25  1  0
  4 26  1  6
  5 27  1  1
  6 28  1  0
  6 29  1  0
  8 30  1  0
  8 31  1  0
  9 32  1  0
  9 33  1  0
 11 34  1  0
 11 35  1  0
 13 36  1  0
 13 37  1  0
 14 38  1  0
 14 39  1  0
 16 40  1  0
 16 41  1  0
M  CHG  1  19  -1
M  END
