
     RDKit          3D

 58 63  0  0  0  0  0  0  0  0999 V2000
   -3.8230   -1.8332    2.6510 C   0  0  0  0  0  0  0  0  0  0  0  0
   -4.2516   -0.5386    2.3635 C   0  0  0  0  0  0  0  0  0  0  0  0
   -4.2188   -0.0660    1.0516 C   0  0  0  0  0  0  0  0  0  0  0  0
   -3.7722   -0.8926    0.0114 C   0  0  0  0  0  0  0  0  0  0  0  0
   -3.3350   -2.1907    0.3132 C   0  0  0  0  0  0  0  0  0  0  0  0
   -3.3611   -2.6577    1.6275 C   0  0  0  0  0  0  0  0  0  0  0  0
   -3.7318   -0.3809   -1.4079 C   0  0  0  0  0  0  0  0  0  0  0  0
   -2.4298    0.1526   -1.7467 N   0  0  0  0  0  0  0  0  0  0  0  0
   -1.4283   -0.6018   -2.2849 C   0  0  0  0  0  0  0  0  0  0  0  0
   -1.4687   -1.7927   -2.5544 O   0  0  0  0  0  0  0  0  0  0  0  0
   -0.2195    0.2630   -2.4768 C   0  0  2  0  0  0  0  0  0  0  0  0
    0.9115   -0.1271   -1.5367 C   0  0  2  0  0  0  0  0  0  0  0  0
    1.4929    1.1763   -1.1892 N   0  0  0  0  0  0  0  0  0  0  0  0
    0.3528    2.1015   -0.9878 C   0  0  1  0  0  0  0  0  0  0  0  0
   -0.6704    1.6518   -2.0239 C   0  0  2  0  0  0  0  0  0  0  0  0
   -2.0704    1.4525   -1.5308 C   0  0  0  0  0  0  0  0  0  0  0  0
   -2.7677    2.3341   -1.0524 O   0  0  0  0  0  0  0  0  0  0  0  0
   -0.0121    2.2393    0.4733 C   0  0  0  0  0  0  0  0  0  0  0  0
   -0.4716    1.3081    1.3949 C   0  0  0  0  0  0  0  0  0  0  0  0
   -0.6647    1.7269    2.7169 C   0  0  0  0  0  0  0  0  0  0  0  0
   -0.4224    3.0545    3.1070 C   0  0  0  0  0  0  0  0  0  0  0  0
    0.0353    3.9901    2.1790 C   0  0  0  0  0  0  0  0  0  0  0  0
    0.2381    3.5531    0.8858 C   0  0  0  0  0  0  0  0  0  0  0  0
    0.7237    4.3090   -0.1664 N   0  0  0  0  0  0  0  0  0  0  0  0
    0.8207    3.5593   -1.3304 C   0  0  0  0  0  0  0  0  0  0  0  0
    1.2065    3.9874   -2.4075 O   0  0  0  0  0  0  0  0  0  0  0  0
   -1.1751    0.5897    3.9046 Cl  0  0  0  0  0  0  0  0  0  0  0  0
    1.9285   -1.0678   -2.2037 C   0  0  0  0  0  0  0  0  0  0  0  0
    2.9617   -1.5794   -1.2262 C   0  0  0  0  0  0  0  0  0  0  0  0
    4.2084   -0.9414   -1.1094 C   0  0  0  0  0  0  0  0  0  0  0  0
    5.1529   -1.3896   -0.1828 C   0  0  0  0  0  0  0  0  0  0  0  0
    4.8475   -2.4730    0.6271 C   0  0  0  0  0  0  0  0  0  0  0  0
    3.6284   -3.1308    0.4967 C   0  0  0  0  0  0  0  0  0  0  0  0
    2.6759   -2.6834   -0.4089 C   0  0  0  0  0  0  0  0  0  0  0  0
    3.3616   -4.2451    1.2388 O   0  0  0  0  0  0  0  0  0  0  0  0
    5.7476   -2.8632    1.5759 O   0  0  0  0  0  0  0  0  0  0  0  0
   -3.8406   -2.1955    3.6757 H   0  0  0  0  0  0  0  0  0  0  0  0
   -4.5998    0.1080    3.1651 H   0  0  0  0  0  0  0  0  0  0  0  0
   -4.5412    0.9538    0.8466 H   0  0  0  0  0  0  0  0  0  0  0  0
   -2.9714   -2.8474   -0.4758 H   0  0  0  0  0  0  0  0  0  0  0  0
   -3.0209   -3.6652    1.8531 H   0  0  0  0  0  0  0  0  0  0  0  0
   -3.9828   -1.1948   -2.0988 H   0  0  0  0  0  0  0  0  0  0  0  0
   -4.4879    0.4015   -1.5444 H   0  0  0  0  0  0  0  0  0  0  0  0
    0.0755    0.2771   -3.5322 H   0  0  0  0  0  0  0  0  0  0  0  0
    0.5177   -0.6118   -0.6345 H   0  0  0  0  0  0  0  0  0  0  0  0
    2.0802    1.1168   -0.3566 H   0  0  0  0  0  0  0  0  0  0  0  0
   -0.7165    2.3103   -2.9005 H   0  0  0  0  0  0  0  0  0  0  0  0
   -0.6676    0.2771    1.1209 H   0  0  0  0  0  0  0  0  0  0  0  0
   -0.5817    3.3561    4.1395 H   0  0  0  0  0  0  0  0  0  0  0  0
    0.2337    5.0142    2.4744 H   0  0  0  0  0  0  0  0  0  0  0  0
    0.9759    5.2853   -0.1287 H   0  0  0  0  0  0  0  0  0  0  0  0
    1.4087   -1.9288   -2.6436 H   0  0  0  0  0  0  0  0  0  0  0  0
    2.4283   -0.5664   -3.0432 H   0  0  0  0  0  0  0  0  0  0  0  0
    4.4440   -0.0819   -1.7347 H   0  0  0  0  0  0  0  0  0  0  0  0
    6.1087   -0.8840   -0.0845 H   0  0  0  0  0  0  0  0  0  0  0  0
    1.7251   -3.2041   -0.4888 H   0  0  0  0  0  0  0  0  0  0  0  0
    4.1933   -4.7538    1.2601 H   0  0  0  0  0  0  0  0  0  0  0  0
    5.2194   -3.1608    2.3393 H   0  0  0  0  0  0  0  0  0  0  0  0
  1  2  2  0
  2  3  1  0
  3  4  2  0
  4  5  1  0
  5  6  2  0
  4  7  1  0
  7  8  1  0
  8  9  1  0
  9 10  2  0
  9 11  1  0
 11 12  1  0
 12 13  1  0
 14 13  1  1
 14 15  1  0
 15 16  1  0
 16 17  2  0
 14 18  1  0
 18 19  2  0
 19 20  1  0
 20 21  2  0
 21 22  1  0
 22 23  2  0
 23 24  1  0
 24 25  1  0
 25 26  2  0
 20 27  1  0
 12 28  1  0
 28 29  1  0
 29 30  2  0
 30 31  1  0
 31 32  2  0
 32 33  1  0
 33 34  2  0
 33 35  1  0
 32 36  1  0
  6  1  1  0
 16  8  1  0
 15 11  1  0
 25 14  1  0
 23 18  1  0
 34 29  1  0
  1 37  1  0
  2 38  1  0
  3 39  1  0
  5 40  1  0
  6 41  1  0
  7 42  1  0
  7 43  1  0
 11 44  1  6
 12 45  1  1
 13 46  1  0
 15 47  1  6
 19 48  1  0
 21 49  1  0
 22 50  1  0
 24 51  1  0
 28 52  1  0
 28 53  1  0
 30 54  1  0
 31 55  1  0
 34 56  1  0
 35 57  1  0
 36 58  1  0
M  END
