
     RDKit          3D

 28 29  0  0  0  0  0  0  0  0999 V2000
    0.9934    1.4958   -1.0601 C   0  0  0  0  0  0  0  0  0  0  0  0
    0.5628    0.1952   -0.3960 C   0  0  0  0  0  0  0  0  0  0  0  0
    0.7309    0.2221    1.0493 N   0  0  0  0  0  0  0  0  0  0  0  0
    1.9209    0.5431    1.6219 C   0  0  0  0  0  0  0  0  0  0  0  0
    3.0934    0.4620    1.0981 N   0  0  0  0  0  0  0  0  0  0  0  0
    0.9799   -1.1527   -1.0899 C   0  0  0  0  0  0  0  0  0  0  0  0
    1.9566   -1.9023   -0.3020 N   0  0  0  0  0  0  0  0  0  0  0  0
   -0.4428   -1.6877   -0.7887 C   0  0  0  0  0  0  0  0  0  0  0  0
   -0.9144   -0.2111   -0.7994 C   0  0  0  0  0  0  0  0  0  0  0  0
   -1.8366    0.0174    0.3310 N   0  0  0  0  0  0  0  0  0  0  0  0
   -3.2314   -0.2221   -0.0325 C   0  0  0  0  0  0  0  0  0  0  0  0
   -2.7010    1.1771    0.1267 C   0  0  0  0  0  0  0  0  0  0  0  0
    0.5014    2.3583   -0.5972 H   0  0  0  0  0  0  0  0  0  0  0  0
    0.7331    1.5017   -2.1246 H   0  0  0  0  0  0  0  0  0  0  0  0
    2.0753    1.6468   -1.0022 H   0  0  0  0  0  0  0  0  0  0  0  0
   -0.1356    0.4486    1.5337 H   0  0  0  0  0  0  0  0  0  0  0  0
    1.8035    0.8717    2.6696 H   0  0  0  0  0  0  0  0  0  0  0  0
    3.7948    0.7612    1.7850 H   0  0  0  0  0  0  0  0  0  0  0  0
    1.2212   -1.0658   -2.1548 H   0  0  0  0  0  0  0  0  0  0  0  0
    1.6325   -2.0557    0.6552 H   0  0  0  0  0  0  0  0  0  0  0  0
    2.7858   -1.3132   -0.1301 H   0  0  0  0  0  0  0  0  0  0  0  0
   -0.5636   -2.2106    0.1694 H   0  0  0  0  0  0  0  0  0  0  0  0
   -0.8749   -2.3161   -1.5741 H   0  0  0  0  0  0  0  0  0  0  0  0
   -1.2356    0.1371   -1.7907 H   0  0  0  0  0  0  0  0  0  0  0  0
   -3.4523   -0.5856   -1.0287 H   0  0  0  0  0  0  0  0  0  0  0  0
   -3.8590   -0.6235    0.7538 H   0  0  0  0  0  0  0  0  0  0  0  0
   -2.9780    1.7249    1.0192 H   0  0  0  0  0  0  0  0  0  0  0  0
   -2.5602    1.7833   -0.7599 H   0  0  0  0  0  0  0  0  0  0  0  0
  1  2  1  0
  2  3  1  0
  3  4  1  0
  4  5  2  3
  2  6  1  0
  6  7  1  0
  6  8  1  0
  8  9  1  0
  9 10  1  0
 10 11  1  0
 11 12  1  0
  9  2  1  0
 12 10  1  0
  1 13  1  0
  1 14  1  0
  1 15  1  0
  3 16  1  0
  4 17  1  0
  5 18  1  0
  6 19  1  0
  7 20  1  0
  7 21  1  0
  8 22  1  0
  8 23  1  0
  9 24  1  0
 11 25  1  0
 11 26  1  0
 12 27  1  0
 12 28  1  0
M  END
